Следственный комитет

+375171433752
+375172069579
+375172079615
+375172127581
+375172311015
+375172316450
+375172355162
+375172355716
+375172373273
+375172422804
+375172431826
+375172432149
+375172490499
+375172491721
+375172524617
+375172551584
+375172570969
+375172583460
+375172608516
+375172636126
+375172668516
+375172728077
+375172779270
+375172863754
+375172865059
+375172880332
+375172887088
+375172889344
+375172901446
+375172917601
+375172952064
+375172957639
+375173001254
+375173074440
+375173145836
+375173150397
+375173226825
+375173439091
+375173485162
+375173752913
+375173754457
+375173937147
+375173940717
+375173965193
+375173971407
+375173993334
+375175152981
+375177429271
+375178467413
+375251119425
+375253752925
+375253754477
+375256315320
+375256659553
+375256926412
+375257682592
+375257831148
+375259286108
+375259600502
+375259665965
+375291112902
+375291177653
+375291258919
+375291311788
+375291338771
+375291432077
+375291516285
+375291649234
+375291693888
+375291788246
+375291836267
+375291845730
+375291850072
+375291862185
+375291899699
+375291985537
+375292175831
+375292537552
+375292637458
+375292773155
+375293181805
+375293255030
+375293275350
+375293311890
+375293316052
+375293335447
+375293382679
+375293615670
+375293752933
+375293777530
+375293784830
+375293798505
+375293818965
+375293825208
+375294833104
+375295089768
+375295334455
+375295510053
+375295519263
+375295556917
+375295601069
+375295668585
+375296133017
+375296144498
+375296200261
+375296231800
+375296261321
+375296289917
+375296320877
+375296358178
+375296405607
+375296431826
+375296463477
+375296526545
+375296578981
+375296618916
+375296687678
+375296742203
+375296780886
+375296862862
+375296909902
+375296984140
+375297031263
+375297049852
+375297091468
+375297093694
+375297108343
+375297149402
+375297440042
+375297452221
+375297678886
+375297757365
+375297822016
+375298475682
+375298640249
+375298708819
+375299071821
+375299102581
+375331097622
+375333291599
+375333729423
+375334451712
+375334521131
+375336116674
+375336677098
+375337517277
+375337525631
+375337529125
+375337529198
+375337637251
+375338252021
+375339537317
+375445557857
+375445722786
+375445749897
+375445775716
+375445918791
+375447229723
+375447244616
+375447365384
+375447397454
+375447407467
+375447483118
+375447501997
+375447567608
+375447575188
+375447637251
+375447712887
+375447738518
+375447738530
+375447753117
