Силовики Гродненской области

+375151263281
+375151263285
+375151429451
+375151449131
+375151526736
+375151564719
+375152332864
+375152334310
+375152500570
+375152509703
+375152509708
+375152509760
+375152509777
+375152540378
+375152540791
+375152555520
+375152555521
+375152555523
+375152555524
+375152581667
+375152671037
+375152671720
+375152674716
+375152685173
+375152685174
+375152685175
+375152685306
+375152717608
+375152741993
+375152751566
+375152761024
+375152761025
+375152797022
+375152797101
+375152797104
+375152797212
+375152797327
+375152797884
+375152797902
+375152936842
+375152947178
+375152948737
+375152974168
+375152990078
+375154522745
+375154540287
+375154543605
+375154545990
+375154546498
+375154556414
+375154611085
+375154611790
+375156225504
+375156247124
+375156250138
+375156250141
+375156252998
+375156255221
+375156321038
+375156425302
+375159224701
+375159224703
+375159224721
+375159224750
+375159224751
+375159232004
+375159238080
+375159242475
+375159340145
+375159421336
+375159421924
+375159527343
+375159621229
+375159720594
+375159720643
+375172199401
+375173417611
+375255201029
+375255220447
+375257455600
+375257946333
+375291054592
+375291063808
+375291077810
+375291088932
+375291140218
+375291311619
+375291311623
+375291326500
+375291344718
+375291432465
+375291435545
+375291438216
+375291513029
+375291580054
+375291669057
+375291687159
+375291705130
+375292013577
+375292082098
+375292461885
+375292615985
+375292651066
+375292653781
+375292656793
+375292663954
+375292673823
+375292681804
+375292801398
+375292832313
+375292835108
+375292842200
+375292855451
+375292871002
+375292878847
+375292883320
+375292886436
+375292888614
+375292892235
+375292894842
+375292964953
+375293060977
+375293152991
+375293200362
+375293206861
+375293310881
+375293311900
+375293336471
+375293336593
+375293362341
+375293411864
+375293454993
+375293481690
+375293578272
+375293593887
+375293662161
+375293724053
+375293748099
+375293771733
+375293771816
+375293773747
+375293810899
+375293838696
+375293848056
+375293884049
+375293901382
+375293955052
+375293967446
+375293974922
+375294679308
+375294975534
+375295333589
+375295500570
+375295564081
+375295616695
+375295800752
+375295802699
+375295810399
+375295819970
+375295822333
+375295824864
+375295826294
+375295830644
+375295830956
+375295841244
+375295846144
+375295862022
+375295864863
+375295867829
+375295871566
+375295877026
+375295878121
+375295879803
+375295885459
+375295887650
+375295888035
+375295889423
+375295891083
+375295892123
+375296022037
+375296049640
+375296050167
+375296085955
+375296095304
+375296095527
+375296111274
+375296114607
+375296122178
+375296128913
+375296161758
+375296168405
+375296171395
+375296177278
+375296212581
+375296212789
+375296215949
+375296228919
+375296235765
+375296252996
+375296287404
+375296301678
+375296313847
+375296340386
+375296375924
+375296398380
+375296401939
+375296452328
+375296502499
+375296526595
+375296528601
+375296587585
+375296623831
+375296665210
+375296710682
+375296710772
+375296720114
+375296721241
+375296723712
+375296729967
+375296730137
+375296730174
+375296730185
+375296768614
+375296771623
+375296786473
+375296789503
+375296789972
+375296800532
+375296818047
+375296818335
+375296819446
+375296827521
+375296839772
+375296908853
+375296923860
+375296929549
+375296933917
+375296933925
+375296954011
+375296955236
+375296964370
+375296980258
+375296980516
+375296990053
+375296991121
+375297038241
+375297047982
+375297493783
+375297516074
+375297518216
+375297679040
+375297775263
+375297802328
+375297803302
+375297806757
+375297810162
+375297811003
+375297813569
+375297816920
+375297818788
+375297818842
+375297820638
+375297822120
+375297824378
+375297825369
+375297828804
+375297831358
+375297831367
+375297832393
+375297832975
+375297833405
+375297834190
+375297835053
+375297836720
+375297837116
+375297837413
+375297846186
+375297850620
+375297851557
+375297852820
+375297853362
+375297856163
+375297857156
+375297858768
+375297858799
+375297859620
+375297880230
+375297883230
+375297886515
+375297893228
+375297895022
+375298426011
+375298576006
+375298576680
+375298601460
+375298686265
+375298732408
+375298795527
+375298810996
+375298822655
+375298824036
+375298833892
+375298834956
+375298839356
+375298840319
+375298855453
+375298857774
+375298861005
+375298866052
+375298867194
+375298869824
+375298890703
+375298890947
+375298896077
+375298959657
+375299010296
+375299169616
+375299489779
+375299808072
+375330116029
+375333101376
+375333121312
+375333121467
+375333203119
+375333214516
+375333822367
+375333901900
+375333954500
+375336028755
+375336176984
+375336202087
+375336217470
+375336234176
+375336263298
+375336347748
+375336575675
+375336580049
+375336595011
+375336635757
+375336662029
+375336749967
+375336854030
+375336857167
+375336857181
+375336861645
+375336865670
+375336895599
+375336898039
+375338187029
+375339001314
+375339004900
+375444533832
+375444732976
+375445308042
+375445533092
+375445566911
+375445577495
+375445577601
+375445657301
+375447016088
+375447106306
+375447145844
+375447271214
+375447368250
+375447787337
+375447860778
+375447880068
+375447908683
