МЧС Могилёвской области

+375255019853
+375255033429
+375255318561
+375255464940
+375256649380
+375257241573
+375257914844
+375259628679
+375291095250
+375291104071
+375291235863
+375291258749
+375291273560
+375291294941
+375291378352
+375291389588
+375291405135
+375291423394
+375291537358
+375291685127
+375291822895
+375291907868
+375291909543
+375291963211
+375292062105
+375292140786
+375292429962
+375292433227
+375292443365
+375292477282
+375292495001
+375292664958
+375292957754
+375293047810
+375293147255
+375293155147
+375293180164
+375293182463
+375293214220
+375293241857
+375293296491
+375293302822
+375293323686
+375293331225
+375293331689
+375293407986
+375293434657
+375293447733
+375293448746
+375293451101
+375293455905
+375293615780
+375293621899
+375293631578
+375293694365
+375293734732
+375293781459
+375293831002
+375293991306
+375295046943
+375295406518
+375295435225
+375295443083
+375295454873
+375295461292
+375295461574
+375295497569
+375295695979
+375296071646
+375296191243
+375296214687
+375296295660
+375296355278
+375296421608
+375296439967
+375296619272
+375296619363
+375296627460
+375296701392
+375296760455
+375296780532
+375296819373
+375296857959
+375296866156
+375296900318
+375296952693
+375297071621
+375297278136
+375297412394
+375297441279
+375297456323
+375297749482
+375297884151
+375297920172
+375298417000
+375298432574
+375298448744
+375298450701
+375298452908
+375298475766
+375298495669
+375298887101
+375299393462
+375299488396
+375299703958
+375333074967
+375333203549
+375333322073
+375333421505
+375333857187
+375336002256
+375336251276
+375336273261
+375336293945
+375336738467
+375336900444
+375336900743
+375336907535
+375336923257
+375339042726
+375339116063
+375444560840
+375444970397
+375445288078
+375445540495
+375445550153
+375445576596
+375445767285
+375447142881
+375447182524
+375447238114
+375447360035
+375447721504
+375447765146
+375447803934
+375447822641
