МЧС Витебской области

+375255385920
+375292095353
+375292164694
+375292170535
+375292172974
+375292195813
+375292222636
+375292314783
+375292340559
+375292445406
+375292491024
+375292492686
+375292521440
+375292900283
+375292907424
+375292955101
+375292995902
+375293074989
+375293149801
+375295104707
+375295116589
+375295125124
+375295125330
+375295140140
+375295151267
+375295166529
+375295189455
+375295463306
+375295741604
+375295773354
+375295906252
+375295918407
+375295944769
+375295950039
+375295964056
+375295980084
+375295991209
+375295992301
+375295995932
+375296103844
+375297106278
+375297108432
+375297112397
+375297113382
+375297124742
+375297134531
+375297134767
+375297141844
+375297146053
+375297148215
+375297158991
+375297164567
+375297176985
+375297184675
+375297185088
+375297187014
+375297189405
+375297355821
+375297459962
+375297477950
+375297520698
+375297618036
+375297631976
+375297798219
+375298017959
+375298123332
+375298261476
+375298318135
+375298458483
+375298903131
+375298999980
+375332137283
+375333067326
+375333081135
+375333164425
+375333240011
+375333369693
+375333400210
+375333464060
+375333465341
+375333467017
+375333467053
+375333467398
+375333467646
+375333467797
+375333467857
+375333468030
+375333468525
+375333468844
+375333469346
+375333561955
+375333580591
+375333581100
+375333581120
+375333581712
+375333788575
+375333833806
+375336111376
+375336135450
+375336142000
+375336195915
+375336450136
+375336512970
+375336647038
+375336751298
+375336868034
+375336924512
+375337529217
+375337529249
+375337529510
+375337529514
+375337529546
+375337529577
+375337529595
+375337533316
+375337533346
+375337533611
+375339020913
