Силовики Гомельской области

+375137533370
+375151449131
+375151526736
+375151533779
+375152332864
+375152390270
+375152430661
+375152437451
+375152500570
+375152540378
+375152558640
+375152581667
+375152623488
+375152685175
+375152717608
+375152731900
+375152731948
+375152751566
+375152761024
+375152761025
+375152770320
+375152791504
+375152796811
+375152797022
+375152797884
+375152922477
+375154522411
+375154522745
+375154528677
+375154556414
+375154645852
+375156221520
+375156225504
+375156225993
+375156247124
+375156254927
+375156255221
+375159222489
+375159224721
+375159231747
+375159237621
+375159340441
+375159345462
+375162201090
+375162201513
+375162205446
+375162210232
+375162214833
+375162275203
+375162275534
+375162293590
+375162321800
+375162356236
+375162501599
+375162574911
+375162935755
+375163121378
+375163156171
+375163220599
+375163221241
+375163221345
+375163273625
+375163290008
+375163290233
+375163291356
+375163320599
+375163320646
+375163457860
+375163654474
+375164121221
+375164122149
+375164125041
+375164132334
+375164229154
+375164277703
+375164329884
+375164349006
+375164430130
+375164433031
+375165224241
+375165258202
+375165303487
+375165312812
+375165373882
+375171005375
+375171355457
+375171375291
+375171421687
+375171666375
+375172008544
+375172020861
+375172032242
+375172037375
+375172039231
+375172055660
+375172095203
+375172095576
+375172100741
+375172131228
+375172171005
+375172179767
+375172187229
+375172199230
+375172199401
+375172226997
+375172247752
+375172254470
+375172261602
+375172262093
+375172290418
+375172374202
+375172396600
+375172396604
+375172396946
+375172418318
+375172438512
+375172448810
+375172479382
+375172562087
+375172576664
+375172577603
+375172612579
+375172612695
+375172654911
+375172720336
+375172771201
+375172771775
+375172772789
+375172788351
+375172812524
+375172832814
+375172843694
+375172881544
+375172911027
+375172921542
+375172927664
+375172927667
+375172927711
+375172938616
+375172938832
+375172940953
+375172948333
+375172950665
+375172953101
+375172957828
+375172958144
+375172976421
+375172976428
+375173036542
+375173047918
+375173064526
+375173092424
+375173105708
+375173146176
+375173166785
+375173267221
+375173270909
+375173274325
+375173285165
+375173301841
+375173342613
+375173417611
+375173470504
+375173471520
+375173528371
+375173578278
+375173608180
+375173669634
+375173682129
+375173682692
+375173691177
+375173691538
+375173727268
+375173748308
+375173749191
+375173754472
+375173757153
+375173758920
+375173782457
+375173789346
+375173790275
+375173895055
+375173922793
+375173933238
+375173955072
+375173989020
+375174202425
+375174260111
+375174260962
+375174297441
+375175061116
+375175424801
+375175888153
+375176226531
+375176702383
+375176746418
+375176746834
+375177025159
+375177146067
+375177153088
+375177422879
+375177527868
+375177553134
+375177567002
+375177592042
+375177674729
+375178437548
+375179524832
+375212538071
+375212561818
+375212678399
+375213958437
+375215442947
+375216512622
+375222220912
+375222284171
+375222285101
+375222295890
+375222298233
+375222298262
+375222299468
+375222322278
+375222325829
+375222420842
+375222424055
+375222426899
+375222430716
+375222452155
+375222464447
+375222637468
+375222646056
+375222646350
+375222647593
+375222733707
+375222746003
+375222748625
+375222769737
+375222780414
+375222798622
+375223078117
+375223078130
+375223171244
+375223177163
+375223349646
+375223358281
+375223358333
+375223359004
+375223360323
+375223362790
+375223376337
+375223376425
+375223970564
+375224156299
+375224221171
+375224625279
+375224678261
+375224824156
+375225438512
+375225521041
+375225585009
+375225719937
+375225727268
+375225774221
+375225788677
+375232255364
+375232277887
+375232315455
+375232325099
+375232363060
+375232364325
+375232364479
+375232434279
+375232448448
+375232503213
+375232503251
+375232504382
+375232505573
+375232506411
+375232701536
+375232704308
+375232704386
+375232967474
+375233331694
+375233344022
+375233621248
+375234023510
+375234078026
+375234230904
+375234271210
+375234290806
+375234740229
+375235650248
+375235650881
+375236212818
+375236237901
+375252437529
+375252524585
+375253948375
+375255002187
+375255036519
+375255053329
+375255226638
+375255236938
+375255434580
+375255439275
+375255449210
+375256039754
+375256395193
+375256611773
+375256629446
+375256907467
+375257261289
+375257262143
+375257276746
+375257344150
+375257405157
+375257526659
+375257641399
+375257666437
+375257668797
+375257679021
+375257695200
+375257736875
+375257886777
+375257946333
+375258283153
+375259017737
+375259116985
+375259191220
+375259237506
+375259275457
+375259310870
+375259509873
+375259667253
+375259703182
+375291015711
+375291016085
+375291028222
+375291029385
+375291046425
+375291050513
+375291074883
+375291077621
+375291088504
+375291088932
+375291103257
+375291112255
+375291117772
+375291133347
+375291167029
+375291167148
+375291171100
+375291192573
+375291198355
+375291204124
+375291240781
+375291251034
+375291254106
+375291256824
+375291258778
+375291264770
+375291265289
+375291278704
+375291288219
+375291297220
+375291311788
+375291326500
+375291356375
+375291358512
+375291369908
+375291370235
+375291378967
+375291389063
+375291425942
+375291429751
+375291443680
+375291466994
+375291508913
+375291510110
+375291518336
+375291526523
+375291533767
+375291552288
+375291585294
+375291585837
+375291589947
+375291616587
+375291619222
+375291628064
+375291640583
+375291682386
+375291725991
+375291727843
+375291728983
+375291741957
+375291747609
+375291763241
+375291766636
+375291770589
+375291781162
+375291786458
+375291795654
+375291799155
+375291807080
+375291825464
+375291850123
+375291868631
+375291883334
+375291884882
+375291899444
+375291900546
+375291945474
+375291945758
+375291962755
+375291975837
+375291976420
+375291976906
+375291987727
+375291993427
+375292005111
+375292006300
+375292009253
+375292013577
+375292020494
+375292026850
+375292037019
+375292044005
+375292058526
+375292061872
+375292082098
+375292086576
+375292090147
+375292090760
+375292102449
+375292103558
+375292103845
+375292109217
+375292109878
+375292127488
+375292131881
+375292132148
+375292137688
+375292143117
+375292155576
+375292159020
+375292159716
+375292166367
+375292184050
+375292191218
+375292199019
+375292212707
+375292222962
+375292227155
+375292235424
+375292249242
+375292251526
+375292251980
+375292259320
+375292277055
+375292330701
+375292352999
+375292354628
+375292366688
+375292385307
+375292394943
+375292435931
+375292439841
+375292445022
+375292461885
+375292491814
+375292553204
+375292601080
+375292615985
+375292639428
+375292656793
+375292663954
+375292698921
+375292753907
+375292759175
+375292771137
+375292795508
+375292799208
+375292845527
+375292847006
+375292855038
+375292855451
+375292860404
+375292876481
+375292892235
+375292910842
+375292922109
+375292930931
+375292958467
+375292963259
+375292967347
+375292974005
+375292976907
+375292979847
+375293037407
+375293043110
+375293049078
+375293085111
+375293103741
+375293110780
+375293113847
+375293122366
+375293130747
+375293137541
+375293143448
+375293144960
+375293184654
+375293197745
+375293204803
+375293217074
+375293228505
+375293253481
+375293260702
+375293262699
+375293293626
+375293293927
+375293297468
+375293302991
+375293307774
+375293311900
+375293313324
+375293314660
+375293315864
+375293324337
+375293334099
+375293342505
+375293376382
+375293387708
+375293393110
+375293394199
+375293406668
+375293411056
+375293418617
+375293452335
+375293466172
+375293467622
+375293469164
+375293470971
+375293476632
+375293484415
+375293499007
+375293517415
+375293538297
+375293540688
+375293541319
+375293545712
+375293555101
+375293558215
+375293560625
+375293604937
+375293616151
+375293616884
+375293629652
+375293665559
+375293684951
+375293695509
+375293704098
+375293711173
+375293732063
+375293735988
+375293744847
+375293751739
+375293768662
+375293777070
+375293780605
+375293786678
+375293787712
+375293803904
+375293804881
+375293807586
+375293810720
+375293812597
+375293819960
+375293838696
+375293841652
+375293848056
+375293852104
+375293856777
+375293858768
+375293866051
+375293870793
+375293877103
+375293882612
+375293890792
+375293970121
+375293980796
+375294833337
+375295009023
+375295017411
+375295027748
+375295027774
+375295029968
+375295042543
+375295050760
+375295065877
+375295085741
+375295102903
+375295121302
+375295132467
+375295132547
+375295133027
+375295140104
+375295162728
+375295174393
+375295175856
+375295188984
+375295197314
+375295222985
+375295230174
+375295231265
+375295231291
+375295240683
+375295244186
+375295265771
+375295271874
+375295277689
+375295278072
+375295278192
+375295291382
+375295310137
+375295310920
+375295315175
+375295329198
+375295333589
+375295335237
+375295352716
+375295367972
+375295426574
+375295429555
+375295452542
+375295453744
+375295458055
+375295466509
+375295472156
+375295505731
+375295510281
+375295514722
+375295517738
+375295525351
+375295534559
+375295539370
+375295546455
+375295550020
+375295579766
+375295581143
+375295581664
+375295586452
+375295602893
+375295604316
+375295610176
+375295616431
+375295625432
+375295627409
+375295674215
+375295680720
+375295688756
+375295690317
+375295723710
+375295735113
+375295736606
+375295741298
+375295743914
+375295824864
+375295830699
+375295838274
+375295857704
+375295867829
+375295879803
+375295907120
+375295914441
+375295923362
+375295924618
+375295945650
+375295951406
+375295963802
+375295972610
+375295978347
+375295980736
+375295985987
+375295987802
+375295999799
+375296011668
+375296040999
+375296048644
+375296051482
+375296052866
+375296060461
+375296061988
+375296072040
+375296072268
+375296072331
+375296072887
+375296077533
+375296082102
+375296083149
+375296083402
+375296086318
+375296086319
+375296087099
+375296090394
+375296091701
+375296092820
+375296099522
+375296100272
+375296102395
+375296105366
+375296113759
+375296117724
+375296129568
+375296133243
+375296144830
+375296154769
+375296156408
+375296161827
+375296162087
+375296162126
+375296166043
+375296169629
+375296177005
+375296177812
+375296179383
+375296188856
+375296190983
+375296195543
+375296195719
+375296196851
+375296196913
+375296197116
+375296200862
+375296208295
+375296212789
+375296212831
+375296221213
+375296224057
+375296225456
+375296226059
+375296240416
+375296241553
+375296250796
+375296250801
+375296251009
+375296251979
+375296252996
+375296261892
+375296262085
+375296264034
+375296277402
+375296279193
+375296280103
+375296285641
+375296287639
+375296290820
+375296294569
+375296301590
+375296302113
+375296304890
+375296315876
+375296321425
+375296322653
+375296327114
+375296329246
+375296333679
+375296337503
+375296340386
+375296343936
+375296347309
+375296348091
+375296354581
+375296364603
+375296366660
+375296372156
+375296372712
+375296379322
+375296384879
+375296388233
+375296398114
+375296398380
+375296398597
+375296401445
+375296403902
+375296404159
+375296406409
+375296408577
+375296424075
+375296424501
+375296428878
+375296436213
+375296439068
+375296441640
+375296444043
+375296451189
+375296453539
+375296456140
+375296460374
+375296461318
+375296465518
+375296476985
+375296499595
+375296499698
+375296502980
+375296504508
+375296504745
+375296508213
+375296509203
+375296512176
+375296513060
+375296513314
+375296513645
+375296520196
+375296523207
+375296526330
+375296528601
+375296537539
+375296549831
+375296556630
+375296558001
+375296560996
+375296563314
+375296564754
+375296569965
+375296570857
+375296572718
+375296573682
+375296576194
+375296588416
+375296598670
+375296600277
+375296604878
+375296605144
+375296619198
+375296620654
+375296626833
+375296627387
+375296643214
+375296649004
+375296650913
+375296654671
+375296663807
+375296665403
+375296669804
+375296677625
+375296687400
+375296691039
+375296691526
+375296695969
+375296704802
+375296707754
+375296710410
+375296711165
+375296719806
+375296724782
+375296725038
+375296728330
+375296733120
+375296742236
+375296746758
+375296750757
+375296754000
+375296755919
+375296776146
+375296779383
+375296810806
+375296813180
+375296818209
+375296818999
+375296819968
+375296835513
+375296835871
+375296838309
+375296838456
+375296845084
+375296846040
+375296852009
+375296862779
+375296866060
+375296873808
+375296877664
+375296878139
+375296879117
+375296885335
+375296886856
+375296888297
+375296908069
+375296922205
+375296925486
+375296929549
+375296938873
+375296941803
+375296964370
+375296971027
+375296972368
+375296974042
+375296977005
+375296978354
+375296989198
+375296990053
+375296990294
+375296991131
+375296991551
+375296993896
+375296993997
+375296995500
+375297016032
+375297018691
+375297020439
+375297041514
+375297042700
+375297071511
+375297082488
+375297084567
+375297100427
+375297101563
+375297101594
+375297102569
+375297102719
+375297103478
+375297106166
+375297106708
+375297109226
+375297109546
+375297109970
+375297111482
+375297114638
+375297114801
+375297115714
+375297120269
+375297123759
+375297124700
+375297132606
+375297135874
+375297145372
+375297147352
+375297148708
+375297158205
+375297164883
+375297172531
+375297181878
+375297183631
+375297183672
+375297186512
+375297186744
+375297191502
+375297194084
+375297197636
+375297201735
+375297206130
+375297206245
+375297208772
+375297209047
+375297209842
+375297212582
+375297214007
+375297216120
+375297218406
+375297226244
+375297229169
+375297230526
+375297235161
+375297245022
+375297245991
+375297254315
+375297255031
+375297263331
+375297263411
+375297265653
+375297273002
+375297281348
+375297288715
+375297290599
+375297311477
+375297357564
+375297377515
+375297403200
+375297423520
+375297435452
+375297441097
+375297444244
+375297466400
+375297468899
+375297476281
+375297485172
+375297501855
+375297502726
+375297509416
+375297542613
+375297543868
+375297551348
+375297571569
+375297572691
+375297582633
+375297602520
+375297609449
+375297616940
+375297618933
+375297648131
+375297652638
+375297652651
+375297654724
+375297657328
+375297660457
+375297666629
+375297672030
+375297677416
+375297681425
+375297682135
+375297683485
+375297693022
+375297722046
+375297722849
+375297729689
+375297735697
+375297776095
+375297780306
+375297800387
+375297802236
+375297806757
+375297811003
+375297820638
+375297828974
+375297832393
+375297832975
+375297834190
+375297837413
+375297847523
+375297852820
+375297858768
+375297887042
+375297893228
+375297895022
+375297900909
+375297906160
+375297910078
+375297913751
+375297913807
+375297916863
+375297917990
+375297925837
+375297926064
+375297928270
+375297932048
+375297932359
+375297933329
+375297935609
+375297936268
+375297939359
+375297943114
+375297945758
+375297946708
+375297952103
+375297954183
+375297961204
+375297968935
+375297969659
+375297975919
+375297980891
+375297983031
+375297984696
+375297985553
+375297988081
+375298003116
+375298010808
+375298014082
+375298017268
+375298019236
+375298020007
+375298022145
+375298024622
+375298025765
+375298041724
+375298046289
+375298053159
+375298060607
+375298066033
+375298066049
+375298105032
+375298108846
+375298122945
+375298123013
+375298133531
+375298137520
+375298166513
+375298181063
+375298200166
+375298219888
+375298224146
+375298225434
+375298229044
+375298233375
+375298233855
+375298250092
+375298259000
+375298276621
+375298282491
+375298286810
+375298287920
+375298294850
+375298315813
+375298340014
+375298343766
+375298345581
+375298372513
+375298385099
+375298386008
+375298405486
+375298424306
+375298426011
+375298455877
+375298458886
+375298507462
+375298509584
+375298546261
+375298603396
+375298611903
+375298618962
+375298623345
+375298651101
+375298678693
+375298684998
+375298686006
+375298701755
+375298732408
+375298734061
+375298735599
+375298736717
+375298741359
+375298742299
+375298747881
+375298749354
+375298779527
+375298784415
+375298788087
+375298810996
+375298822655
+375298824036
+375298824198
+375298833892
+375298836810
+375298839356
+375298843752
+375298855453
+375298859270
+375298866052
+375298873096
+375298880999
+375298896077
+375298900305
+375298911447
+375298918058
+375298932382
+375298934091
+375298955945
+375298958726
+375298959657
+375298972156
+375298991549
+375298992453
+375298995783
+375298996288
+375299099988
+375299107294
+375299169616
+375299232788
+375299363036
+375299808072
+375299844079
+375299978865
+375330318033
+375332064637
+375332172067
+375333017263
+375333025400
+375333027275
+375333028938
+375333044523
+375333065530
+375333070094
+375333076199
+375333110007
+375333121312
+375333121467
+375333128481
+375333136050
+375333149591
+375333190445
+375333190578
+375333200758
+375333222840
+375333232768
+375333244741
+375333245650
+375333291560
+375333307176
+375333308767
+375333314904
+375333335055
+375333336812
+375333338200
+375333344411
+375333366265
+375333366293
+375333371195
+375333375336
+375333400712
+375333406219
+375333440229
+375333457565
+375333461024
+375333466530
+375333478202
+375333512089
+375333548875
+375333554268
+375333563456
+375333592683
+375333597366
+375333616438
+375333700037
+375333703213
+375333704324
+375333706201
+375333707677
+375333707924
+375333752964
+375333753368
+375333783924
+375333800921
+375333801031
+375333808109
+375333813760
+375333861463
+375333865424
+375333915091
+375333924477
+375333944528
+375333980635
+375333980681
+375333987044
+375333999944
+375334261337
+375336004986
+375336006199
+375336055405
+375336067355
+375336077950
+375336078605
+375336080050
+375336087642
+375336087871
+375336094963
+375336100159
+375336110410
+375336139669
+375336139880
+375336153214
+375336154540
+375336210940
+375336239520
+375336254277
+375336272632
+375336288833
+375336303233
+375336321811
+375336325587
+375336363828
+375336370688
+375336373442
+375336391698
+375336399150
+375336410739
+375336465683
+375336466582
+375336477643
+375336506683
+375336509645
+375336528399
+375336535913
+375336580448
+375336581103
+375336585763
+375336587605
+375336595011
+375336601080
+375336618991
+375336622420
+375336623631
+375336635757
+375336648474
+375336665747
+375336667751
+375336669779
+375336670857
+375336675903
+375336689322
+375336690912
+375336716586
+375336718740
+375336732635
+375336733798
+375336740705
+375336757760
+375336773981
+375336775415
+375336802102
+375336817714
+375336820492
+375336824040
+375336861645
+375336865670
+375336881836
+375336898989
+375336912208
+375336967020
+375337529642
+375337529660
+375337529794
+375337533689
+375338669243
+375339000119
+375339004900
+375339021936
+375339371512
+375375296810
+375444922636
+375445025001
+375445130364
+375445302646
+375445302705
+375445347365
+375445373839
+375445380233
+375445390094
+375445392511
+375445393040
+375445433436
+375445505333
+375445510015
+375445520772
+375445533092
+375445542926
+375445564021
+375445657301
+375445661992
+375445726640
+375445787002
+375445788875
+375445845833
+375445851546
+375445868652
+375445876018
+375445878912
+375445893020
+375445966660
+375445968270
+375445994050
+375445996968
+375447042715
+375447049816
+375447073830
+375447080258
+375447086358
+375447115449
+375447136208
+375447172307
+375447195207
+375447208532
+375447227083
+375447235385
+375447239270
+375447266132
+375447271214
+375447271554
+375447299380
+375447310147
+375447312976
+375447324159
+375447342177
+375447344898
+375447351469
+375447356689
+375447375504
+375447378558
+375447385646
+375447386356
+375447423054
+375447440001
+375447464278
+375447473214
+375447501080
+375447503276
+375447527454
+375447527464
+375447535354
+375447541180
+375447567709
+375447570546
+375447582481
+375447582823
+375447587851
+375447591910
+375447615225
+375447692943
+375447713073
+375447749244
+375447760388
+375447778965
+375447787337
+375447805578
+375447823784
+375447828281
+375447837218
+375447856622
+375447865418
+375447867054
+375447867746
+375447882080
+375447909708
+375447910868
+375447915464
+375447923582
+375447926147
+375447931807
+375447932261
+375447943214
+375447950164
+375447959337
+375447971011
