Личный состав ГУБОПиК

+375291030684
+375291194800
+375291276875
+375291385965
+375291412831
+375291430468
+375291439783
+375291975837
+375292394943
+375292404712
+375292500012
+375292653781
+375292658670
+375292801398
+375293194200
+375293377800
+375293452335
+375293834629
+375295036897
+375295355121
+375295388696
+375295430468
+375295459162
+375295637764
+375295973794
+375296077533
+375296086915
+375296123602
+375296127815
+375296153296
+375296224057
+375296356689
+375296424501
+375296467292
+375296553240
+375296572611
+375296624943
+375296705191
+375296719137
+375296746670
+375296810169
+375296990294
+375297047982
+375297129314
+375297133557
+375297212385
+375297283706
+375297557572
+375297614983
+375297679040
+375297784344
+375297846186
+375297856163
+375297878708
+375297960800
+375298601493
+375298617762
+375298686265
+375298745638
+375298757609
+375298824198
+375299099988
+375333522126
+375333522392
+375333552323
+375336067355
+375336317826
+375336699192
+375445592365
+375447152678
+375447403554
+375447614983
