+375257477443
+375259938289
+375291019030
+375291046859
+375291069277
+375291074264
+375291094094
+375291102869
+375291155011
+375291292378
+375291350078
+375291395358
+375291410188
+375291506347
+375291595935
+375291663969
+375291707585
+375291728673
+375291785484
+375291911455
+375291948617
+375292007968
+375292028372
+375292214774
+375292289393
+375292570629
+375292577550
+375292591399
+375292625991
+375292679402
+375292741327
+375292782175
+375293026202
+375293026745
+375293123678
+375293166192
+375293180949
+375293188048
+375293245087
+375293254898
+375293346492
+375293370657
+375293373630
+375293424937
+375293433963
+375293469164
+375293520687
+375293529656
+375293579331
+375293621845
+375293628856
+375293702711
+375293809015
+375293840306
+375293851330
+375293868250
+375293889905
+375293899921
+375293935793
+375293939026
+375293963566
+375293979924
+375295020232
+375295282896
+375295539378
+375295555956
+375295614688
+375295641992
+375295668856
+375295674793
+375295701669
+375295703367
+375295716528
+375295722547
+375295742340
+375295747635
+375295775986
+375295871803
+375296050325
+375296078299
+375296078832
+375296087577
+375296090565
+375296106677
+375296119264
+375296124782
+375296127146
+375296150630
+375296153095
+375296154260
+375296157466
+375296188269
+375296214999
+375296216807
+375296224392
+375296227552
+375296227626
+375296250028
+375296271263
+375296274550
+375296282167
+375296289470
+375296300296
+375296312371
+375296327177
+375296330262
+375296337281
+375296376870
+375296425398
+375296446266
+375296458576
+375296550077
+375296556951
+375296565808
+375296598961
+375296601804
+375296613560
+375296656266
+375296674535
+375296686921
+375296687400
+375296691630
+375296751933
+375296755797
+375296757670
+375296764129
+375296775266
+375296784321
+375296824614
+375296824777
+375296827993
+375296832290
+375296832624
+375296839377
+375296846054
+375296870432
+375296889497
+375296889500
+375296901988
+375296917045
+375296927029
+375296936407
+375296946689
+375296959183
+375296972721
+375296997651
+375297013617
+375297016134
+375297047909
+375297067215
+375297071201
+375297074422
+375297074791
+375297082951
+375297195752
+375297212913
+375297367021
+375297501855
+375297548321
+375297565637
+375297580220
+375297677783
+375297687544
+375297701222
+375297785044
+375297795267
+375297962758
+375297965519
+375298007305
+375298123572
+375298171015
+375298242352
+375298326124
+375298355260
+375298510895
+375298531311
+375298718832
+375298719080
+375298752193
+375298755744
+375298884366
+375299179920
+375299218980
+375299433832
+375299462983
+375299809303
+375299908466
+375333118130
+375336006414
+375336406664
+375336615395
+375336716052
+375336855325
+375336939618
+375445308021
+375445329061
+375445398291
+375445463689
+375445481407
+375445486505
+375445543159
+375445550848
+375445608972
+375445689143
+375445811649
+375445925383
+375445941311
+375445972643
+375447144993
+375447170308
+375447214748
+375447282742
+375447383328
+375447394518
+375447409222
+375447411825
+375447428551
+375447467392
+375447481348
+375447524859
+375447534166
+375447657200
+375447669223
+375447674304
+375447692303
+375447766504
+375447795048
+375447848357
+375447988657
+375447991696
+375447999733
