+375170291058
+375170292255
+375170292441
+375170293305
+375170296310
+375170445776
+375170447018
+375170447044
+375170447236
+375172339285
+375172852326
+375172853776
+375172942950
+375233346747
+375255455640
+375259924663
+375291024184
+375291058454
+375291077779
+375291162837
+375291220227
+375291234072
+375291291830
+375291373722
+375291398644
+375291555610
+375291607820
+375291610012
+375291655666
+375291740840
+375291789939
+375291797114
+375291805852
+375291845068
+375291848566
+375291975750
+375292009029
+375292255572
+375292441821
+375292445022
+375292625244
+375292910842
+375293060124
+375293062273
+375293078887
+375293110688
+375293140413
+375293149109
+375293221326
+375293305909
+375293347391
+375293371827
+375293388293
+375293390376
+375293394135
+375293394709
+375293450507
+375293459894
+375293491880
+375293655855
+375293711820
+375293785846
+375293850905
+375295040383
+375295236330
+375295573447
+375295582039
+375295591523
+375295614124
+375295644925
+375295685140
+375295721221
+375295742315
+375295768319
+375296010573
+375296043197
+375296071688
+375296086780
+375296118445
+375296131253
+375296182042
+375296182043
+375296182049
+375296182675
+375296188642
+375296191911
+375296210280
+375296242655
+375296310224
+375296319607
+375296403000
+375296603553
+375296605435
+375296670218
+375296702813
+375296705578
+375296709904
+375296728117
+375296780145
+375296787999
+375296795122
+375296853198
+375296933138
+375296942581
+375296975196
+375297002210
+375297037320
+375297085666
+375297110556
+375297113172
+375297150193
+375297162829
+375297488832
+375297507658
+375297522880
+375297522956
+375297547458
+375297622439
+375297678610
+375297711509
+375297723898
+375297743012
+375297748140
+375297749012
+375297751084
+375297832845
+375297957245
+375298104095
+375298227337
+375298264807
+375298333101
+375298539925
+375298673096
+375298995970
+375333029302
+375333096536
+375333196193
+375333237982
+375333349905
+375333359936
+375333415667
+375333467472
+375333468877
+375335066519
+375336006766
+375336426280
+375336468280
+375336468981
+375336595011
+375336670895
+375336782699
+375336887506
+375336906752
+375336911754
+375337697525
+375443781441
+375445100774
+375445613136
+375445874874
+375447397846
+375447438005
+375447508557
+375447553088
+375447955855
