МЧС Минской области

+375255203236
+375255400616
+375257120704
+375257258968
+375257281233
+375259234532
+375291102965
+375291107927
+375291112477
+375291387320
+375291537475
+375291538076
+375291588739
+375291590514
+375291674424
+375292566697
+375292595111
+375292766068
+375292793756
+375292916878
+375293115947
+375293134969
+375293148823
+375293149214
+375293247654
+375293308230
+375293318902
+375293419159
+375293511767
+375293565395
+375293623544
+375293723324
+375293815752
+375293837894
+375293842993
+375293918987
+375293949726
+375295015354
+375295019673
+375295031599
+375295043166
+375295089612
+375295259770
+375295314389
+375295591718
+375295593264
+375295666336
+375295693990
+375295725810
+375295762600
+375295782874
+375295851595
+375295921318
+375296048756
+375296050134
+375296051046
+375296075108
+375296202924
+375296256682
+375296274309
+375296696990
+375296708860
+375296735337
+375296754370
+375296913994
+375296927514
+375296952430
+375297077006
+375297096700
+375297299852
+375297361282
+375297513724
+375297584571
+375297612171
+375297658847
+375297694667
+375297751190
+375297755915
+375297788613
+375298160523
+375298381112
+375298497104
+375298548563
+375298557611
+375298605543
+375298631383
+375298702598
+375298726375
+375298732909
+375298736082
+375298766112
+375298954136
+375299447155
+375299808984
+375333009381
+375333026846
+375333091166
+375333308893
+375333339022
+375333352760
+375333502666
+375333729331
+375333756988
+375333868803
+375333901461
+375333905276
+375336083644
+375336214120
+375336250212
+375336335056
+375336356551
+375336410240
+375336623532
+375336657210
+375336732840
+375445338399
+375445395881
+375445539361
+375445652836
+375445759981
+375445948371
+375447004126
+375447004727
+375447012421
+375447024148
+375447127380
+375447238924
+375447253812
+375447289164
+375447357517
+375447546415
+375447580639
+375447611017
+375447635736
+375447786930
