+375256090980
+375291051938
+375291177135
+375291348825
+375291520605
+375291577404
+375291910791
+375291950430
+375292100893
+375292121515
+375292128561
+375292131881
+375292134756
+375292136209
+375292140290
+375292145025
+375292173706
+375292179746
+375292300480
+375292448355
+375292491886
+375292932988
+375292934321
+375292935593
+375292958429
+375292968423
+375292970701
+375292978177
+375293429037
+375293443930
+375293490806
+375293646079
+375293651677
+375293767337
+375293790501
+375293806515
+375293923651
+375293924297
+375294100570
+375295082639
+375295101634
+375295107517
+375295129564
+375295135213
+375295137108
+375295141109
+375295142108
+375295146017
+375295147285
+375295148347
+375295152514
+375295157871
+375295171316
+375295173141
+375295177634
+375295180997
+375295183444
+375295186684
+375295187246
+375295192346
+375295197699
+375295556917
+375295610094
+375295719256
+375295914400
+375295914515
+375295931760
+375295931765
+375295937357
+375295938636
+375295944044
+375295956948
+375295958186
+375295968218
+375295970648
+375295982691
+375295987791
+375295996610
+375296023504
+375296064333
+375296067550
+375296136799
+375296156530
+375296209814
+375296253006
+375296263404
+375296287729
+375296288337
+375296529333
+375296675658
+375296696816
+375296718107
+375296806636
+375296914640
+375296927048
+375296959444
+375296967222
+375296974333
+375296981444
+375297101728
+375297103954
+375297121230
+375297123504
+375297126296
+375297129409
+375297129638
+375297131105
+375297135286
+375297136011
+375297136688
+375297141314
+375297147641
+375297148556
+375297149493
+375297155384
+375297157531
+375297161753
+375297162730
+375297163337
+375297166957
+375297167774
+375297176806
+375297185904
+375297191191
+375297191500
+375297197221
+375297451227
+375297492275
+375297536920
+375298074726
+375298102694
+375298105032
+375298123639
+375298125163
+375298141359
+375298141681
+375298142708
+375298144466
+375298148239
+375298149816
+375298179948
+375298589094
+375298788396
+375298936375
+375298950506
+375298952877
+375299469731
+375333055233
+375333065375
+375333099629
+375333134279
+375333243600
+375333247064
+375333290353
+375333291511
+375333291535
+375333291540
+375333291547
+375333291560
+375333291569
+375333291582
+375333291589
+375333291607
+375333291608
+375333291622
+375333291625
+375333291643
+375333291646
+375333291650
+375333291651
+375333291670
+375333291684
+375333291686
+375333291690
+375333291693
+375333291694
+375333298471
+375333366265
+375333379912
+375333445678
+375333455252
+375333457508
+375333583098
+375333595734
+375333999030
+375336108971
+375336110534
+375336130970
+375336351070
+375336460922
+375336476041
+375336485344
+375336493736
+375336529311
+375336533845
+375336614223
+375336767520
+375336778808
+375336783877
+375336788277
+375336821452
+375336952584
+375336960131
+375447036548
+375447118588
+375447505162
+375449759886
