+375255311451
+375255558731
+375291081785
+375291318495
+375291545996
+375291659772
+375291905999
+375291955848
+375292000090
+375292028929
+375292031125
+375292038634
+375292053397
+375292074287
+375292078094
+375292078095
+375292224461
+375292235159
+375292237009
+375292238497
+375292248512
+375292256299
+375292257888
+375292269888
+375292291285
+375292363504
+375292367541
+375292386672
+375292416125
+375292435957
+375292568372
+375293036000
+375293107467
+375293211015
+375293211083
+375293213073
+375293285818
+375293324222
+375293363165
+375293363170
+375293367734
+375293371959
+375293374639
+375293494721
+375293503086
+375293582759
+375293785874
+375293881393
+375295006532
+375295205378
+375295212113
+375295221605
+375295227234
+375295229679
+375295238817
+375295241488
+375295242954
+375295258277
+375295258537
+375295259990
+375295266830
+375295276128
+375295281057
+375295281141
+375295309586
+375295316447
+375295353822
+375295399919
+375295478843
+375295482816
+375295517601
+375295682583
+375295752064
+375295960390
+375296071810
+375296073074
+375296110841
+375296165143
+375296183165
+375296300473
+375296412616
+375296745919
+375296790384
+375296910421
+375296912040
+375296993614
+375296993654
+375296994728
+375296994778
+375296997239
+375297006288
+375297192827
+375297212653
+375297213283
+375297220896
+375297222720
+375297223075
+375297232301
+375297237006
+375297237151
+375297243013
+375297243246
+375297243566
+375297252064
+375297252476
+375297265732
+375297266454
+375297277443
+375297282082
+375297290084
+375297301972
+375297457226
+375297513174
+375297563074
+375297918421
+375297929494
+375297936372
+375297941778
+375297947171
+375297958487
+375297965187
+375297974381
+375297974834
+375297974926
+375297977008
+375297977679
+375298002235
+375298008669
+375298048304
+375298063264
+375298072160
+375298078973
+375298215762
+375298220871
+375298231466
+375298263098
+375298281671
+375298284475
+375298288120
+375298289535
+375298289638
+375298305512
+375298337390
+375298522743
+375298585373
+375298717534
+375298854268
+375298886821
+375298983366
+375299122271
+375299208227
+375299364350
+375299456414
+375299512964
+375299544594
+375299649847
+375318025531
+375318029223
+375318029229
+375318029241
+375318029520
+375318029524
+375318029547
+375318029721
+375318029722
+375318029723
+375318029724
+375318029725
+375318029756
+375318029791
+375318029793
+375318029794
+375318029797
+375318029807
+375318029826
+375318029828
+375318029885
+375318033304
+375318033322
+375318033331
+375318033373
+375318033381
+375318033663
+375318033670
+375318033674
+375333040567
+375333046231
+375333088447
+375333222056
+375333250060
+375333319002
+375333401060
+375333433355
+375333433542
+375333501935
+375333557447
+375333730209
+375333739464
+375333774775
+375333816761
+375333873917
+375336053038
+375336083904
+375336090162
+375336405778
+375336423568
+375336447205
+375336555380
+375336633335
+375336708339
+375336740603
+375336748230
+375336988731
+375336991769
+375336993951
+375338248409
+375444637119
+375444731994
+375444845666
+375444963616
+375447004666
+375447019813
+375447046240
+375447155586
+375447226664
+375447496625
+375447755666
+375447890085
+375447908741
