Генеральная прокуратура

+375255329070
+375257649581
+375291107190
+375291131700
+375291155567
+375291165387
+375291369631
+375291387850
+375291426555
+375291444476
+375291461470
+375291521423
+375291600117
+375291631527
+375291653495
+375291680804
+375291687817
+375291757551
+375291777003
+375291910191
+375291933233
+375291946527
+375291975682
+375291980488
+375291997400
+375292134217
+375292731937
+375292805737
+375293020079
+375293111434
+375293123417
+375293135330
+375293201077
+375293222881
+375293255638
+375293296079
+375293298929
+375293303311
+375293306387
+375293311932
+375293320206
+375293324368
+375293331350
+375293332732
+375293344237
+375293346309
+375293346341
+375293355370
+375293356603
+375293356632
+375293377171
+375293382333
+375293400004
+375293406555
+375293441124
+375293447299
+375293505439
+375293533900
+375293534171
+375293535761
+375293537026
+375293564995
+375293651510
+375293827252
+375293858299
+375293884689
+375293894996
+375293924112
+375293984846
+375295030468
+375295069975
+375295080331
+375295117703
+375295559769
+375295568056
+375295589857
+375295624146
+375295703817
+375295938579
+375295953484
+375296023360
+375296041966
+375296048198
+375296051508
+375296065541
+375296079552
+375296118851
+375296118871
+375296121905
+375296124505
+375296126182
+375296129841
+375296133195
+375296139869
+375296144830
+375296152961
+375296166187
+375296173044
+375296180117
+375296181207
+375296195249
+375296197223
+375296206279
+375296207239
+375296215027
+375296226704
+375296235582
+375296241647
+375296249113
+375296263618
+375296269796
+375296277022
+375296291666
+375296295179
+375296300218
+375296317507
+375296336521
+375296339512
+375296343561
+375296353031
+375296358561
+375296399411
+375296447097
+375296489876
+375296489987
+375296508059
+375296514566
+375296530208
+375296576278
+375296584197
+375296592698
+375296593078
+375296637887
+375296692991
+375296697363
+375296697491
+375296715326
+375296723993
+375296747615
+375296761106
+375296790189
+375296797754
+375296802513
+375296824336
+375296827198
+375296845027
+375296855913
+375296880531
+375296881153
+375296883822
+375296889415
+375296909068
+375296910947
+375296912848
+375296914996
+375296918066
+375296919146
+375296921197
+375296927017
+375296927049
+375296935335
+375296938832
+375296940231
+375296948333
+375296952703
+375296955003
+375296958846
+375296964787
+375296965582
+375296965653
+375296967333
+375296967590
+375296975470
+375296978315
+375296980333
+375297014373
+375297016736
+375297041859
+375297067216
+375297070581
+375297112563
+375297131369
+375297153125
+375297157745
+375297178373
+375297511084
+375297542798
+375297621997
+375297632294
+375297701133
+375297709375
+375297719843
+375297722729
+375297757541
+375297764422
+375297868191
+375297879133
+375298028252
+375298733446
+375333063044
+375333291660
+375333291680
+375333336980
+375333378247
+375333591727
+375333971470
+375339008844
+375445280574
+375445502267
+375447257536
+375447265608
+375447280898
+375447448530
+375447490097
+375447541841
+375447583044
+375447646164
+375447864801
