+375256136808
+375256183239
+375256790353
+375257871314
+375259431335
+375291014531
+375291027724
+375291162703
+375291194375
+375291202243
+375291222726
+375291293084
+375291331120
+375291384814
+375291391311
+375291399351
+375291462264
+375291532854
+375291545845
+375291575130
+375291602291
+375291609707
+375291619216
+375291661473
+375291715399
+375291765139
+375291827671
+375291829003
+375291839917
+375291869069
+375291971477
+375292195507
+375292489060
+375293028541
+375293095563
+375293175525
+375293206208
+375293207187
+375293228660
+375293237246
+375293237657
+375293241663
+375293272780
+375293287389
+375293333076
+375293338571
+375293339940
+375293344876
+375293358872
+375293360901
+375293364564
+375293370694
+375293377384
+375293388453
+375293444229
+375293466903
+375293472852
+375293504846
+375293507846
+375293516746
+375293528760
+375293542894
+375293579323
+375293600335
+375293732296
+375293738586
+375293747047
+375293773635
+375293829358
+375293838175
+375293840361
+375293907163
+375293910298
+375293999071
+375295400270
+375295448213
+375295483473
+375295488596
+375296043423
+375296044548
+375296065510
+375296065520
+375296084596
+375296104077
+375296128846
+375296130146
+375296130517
+375296143884
+375296175466
+375296223186
+375296230544
+375296231406
+375296232986
+375296234338
+375296318988
+375296324461
+375296332655
+375296334379
+375296394177
+375296402272
+375296424443
+375296424504
+375296455486
+375296470286
+375296507203
+375296510958
+375296546081
+375296567783
+375296581607
+375296585713
+375296595669
+375296597835
+375296639366
+375296644613
+375296647758
+375296687830
+375296706682
+375296720539
+375296780983
+375296792982
+375296794538
+375296814361
+375296820717
+375296834871
+375296844929
+375296851570
+375296851734
+375296874982
+375296884480
+375296910483
+375296914561
+375296915308
+375296923541
+375296923547
+375296924447
+375296926648
+375296926649
+375296926776
+375296926976
+375296935520
+375296940193
+375296940221
+375296940239
+375296940264
+375296940265
+375296940277
+375296940281
+375296940284
+375296940288
+375296940301
+375296940385
+375296941529
+375296946478
+375296946592
+375296952669
+375296983712
+375296988848
+375296993043
+375296997670
+375297073606
+375297435252
+375297443861
+375297490865
+375297773343
+375298331651
+375298332999
+375298403737
+375299459487
+375333000245
+375333499149
+375333590595
+375333735268
+375336288424
+375336668375
+375444785562
+375445315029
+375445323822
+375445439969
+375445465035
+375445504050
+375445541490
+375445547335
+375445575811
+375445656172
+375445815453
+375447018425
+375447092109
+375447121067
+375447251436
+375447301381
+375447510476
+375447614733
+375447679088
+375447729765
+375447850477
+375447852765
+375447896584
+375447941706
+375447977253
