Военные Брестской области

+375255048580
+375255090066
+375255108552
+375255153237
+375255212725
+375255220588
+375255261055
+375255297793
+375255336239
+375255380364
+375255451885
+375256314286
+375256484545
+375256915847
+375257041239
+375257091800
+375257158189
+375257285639
+375257652293
+375257748382
+375257845725
+375259006545
+375259040255
+375259120766
+375259162960
+375259198974
+375259213555
+375259244486
+375259252486
+375259280447
+375259304124
+375259421171
+375259467959
+375259478739
+375259530408
+375259708139
+375259923080
+375291141849
+375291190018
+375291206433
+375291304449
+375291332089
+375291351300
+375291352091
+375291431381
+375291465109
+375291506720
+375291685355
+375291703763
+375291718696
+375291734088
+375291836267
+375291872053
+375291885818
+375291976906
+375292001493
+375292004256
+375292009721
+375292011247
+375292012901
+375292014926
+375292015138
+375292015691
+375292020372
+375292022834
+375292025314
+375292029014
+375292030703
+375292034410
+375292035194
+375292035869
+375292039317
+375292048648
+375292048953
+375292050524
+375292059167
+375292060279
+375292062377
+375292066415
+375292066938
+375292070648
+375292070845
+375292070975
+375292074757
+375292078732
+375292086257
+375292086609
+375292087422
+375292087902
+375292090172
+375292098394
+375292098629
+375292102072
+375292130812
+375292138216
+375292159020
+375292162607
+375292166301
+375292172154
+375292200247
+375292203869
+375292207109
+375292207124
+375292210492
+375292210648
+375292211641
+375292213371
+375292214093
+375292220150
+375292225868
+375292226918
+375292230355
+375292235888
+375292236702
+375292236991
+375292243624
+375292244072
+375292244670
+375292252475
+375292252477
+375292256965
+375292260401
+375292262390
+375292273107
+375292273311
+375292280916
+375292285908
+375292288497
+375292313401
+375292380793
+375292438984
+375292451578
+375292462928
+375292475579
+375292480874
+375292483064
+375292490027
+375292538641
+375292552210
+375292553571
+375292557314
+375292562186
+375292562807
+375292612317
+375292628068
+375292654574
+375292663808
+375292715774
+375292759979
+375292773158
+375292785717
+375292788496
+375292818736
+375292829493
+375292849279
+375292850391
+375292852683
+375292855073
+375292861716
+375292892391
+375292910415
+375292912320
+375292953340
+375292956695
+375292987841
+375293044808
+375293080313
+375293089394
+375293105300
+375293270716
+375293293285
+375293435297
+375293644898
+375293714810
+375293839771
+375293841652
+375293846940
+375293946260
+375295006423
+375295046075
+375295072734
+375295076483
+375295117249
+375295137291
+375295146163
+375295176530
+375295184498
+375295188596
+375295200933
+375295201517
+375295204383
+375295213570
+375295215714
+375295221708
+375295224583
+375295225408
+375295227186
+375295227846
+375295230001
+375295230169
+375295232726
+375295259495
+375295274687
+375295286681
+375295288331
+375295288931
+375295293951
+375295299225
+375295299639
+375295312637
+375295325634
+375295329280
+375295332576
+375295338733
+375295343179
+375295352286
+375295357576
+375295367131
+375295405071
+375295412504
+375295450125
+375295501518
+375295536174
+375295544917
+375295557559
+375295567674
+375295572161
+375295580469
+375295601184
+375295626253
+375295634117
+375295664989
+375295678587
+375295699312
+375295702601
+375295709561
+375295729329
+375295741989
+375295780053
+375295780498
+375295785261
+375295787060
+375295787124
+375295821336
+375295835747
+375295841323
+375295844120
+375295855521
+375295862294
+375295874677
+375295900378
+375295912123
+375295947553
+375295984343
+375296043587
+375296148264
+375296281297
+375296303368
+375296314321
+375296428404
+375296448107
+375296653018
+375296748829
+375296763646
+375296845412
+375296883077
+375296970101
+375297028802
+375297150225
+375297179543
+375297203628
+375297216563
+375297226146
+375297226331
+375297227715
+375297230495
+375297243385
+375297246671
+375297263627
+375297264421
+375297271993
+375297273710
+375297277226
+375297280822
+375297281683
+375297289836
+375297292705
+375297294173
+375297304412
+375297310829
+375297322537
+375297342711
+375297348977
+375297356224
+375297367439
+375297394563
+375297408471
+375297414247
+375297438535
+375297464602
+375297465363
+375297491766
+375297516160
+375297555631
+375297585087
+375297607265
+375297632291
+375297632468
+375297637166
+375297676606
+375297686206
+375297710809
+375297762099
+375297767108
+375297781491
+375297801391
+375297808433
+375297910910
+375297930625
+375297944206
+375297947197
+375297956916
+375297961138
+375297962856
+375297966768
+375297969063
+375297979180
+375297979760
+375297981004
+375297982489
+375297986483
+375298009042
+375298011927
+375298013244
+375298014002
+375298015095
+375298015252
+375298016264
+375298016287
+375298024327
+375298024613
+375298025765
+375298035865
+375298039667
+375298040674
+375298042237
+375298042774
+375298046286
+375298050047
+375298051694
+375298053888
+375298056170
+375298056869
+375298057729
+375298058101
+375298060649
+375298062554
+375298064256
+375298065810
+375298068078
+375298070448
+375298072613
+375298073998
+375298075382
+375298075933
+375298078181
+375298079689
+375298079850
+375298080901
+375298084621
+375298085357
+375298088331
+375298089190
+375298092786
+375298096575
+375298097148
+375298100294
+375298125477
+375298135038
+375298135985
+375298136503
+375298160241
+375298162078
+375298182036
+375298182475
+375298185538
+375298190311
+375298192030
+375298200964
+375298203990
+375298205426
+375298207231
+375298220058
+375298223791
+375298228659
+375298235479
+375298240220
+375298245287
+375298248576
+375298248580
+375298252395
+375298256955
+375298258230
+375298264931
+375298268994
+375298271591
+375298271933
+375298274378
+375298274612
+375298276035
+375298280177
+375298280252
+375298282203
+375298284287
+375298289989
+375298290399
+375298295864
+375298345975
+375298346245
+375298351769
+375298356859
+375298377538
+375298386233
+375298404066
+375298409780
+375298424696
+375298474989
+375298485985
+375298487600
+375298497740
+375298542616
+375298554187
+375298606714
+375298608309
+375298616469
+375298618773
+375298618780
+375298618962
+375298627574
+375298654157
+375298654609
+375298678158
+375298685594
+375298692136
+375298715745
+375298726691
+375298773220
+375298778923
+375298782551
+375298803500
+375298839243
+375298863437
+375298881723
+375298921754
+375298941979
+375298948211
+375298954450
+375298955532
+375298955906
+375298967622
+375299022758
+375299066113
+375299076004
+375299147750
+375299155799
+375299163116
+375299166357
+375299179003
+375299212637
+375299235108
+375299265142
+375299276769
+375299282589
+375299331472
+375299436194
+375299448955
+375299465900
+375299474018
+375299487530
+375299489994
+375299502434
+375299602538
+375299602589
+375299609310
+375299624708
+375299638106
+375299639450
+375299692295
+375299712467
+375299727343
+375299787413
+375299792528
+375299799875
+375299812548
+375299818804
+375299839583
+375299843884
+375299883143
+375299915586
+375299929333
+375299942467
+375333014742
+375333020352
+375333027561
+375333032494
+375333034351
+375333034709
+375333039827
+375333040547
+375333042578
+375333043855
+375333043954
+375333083019
+375333087305
+375333093479
+375333098780
+375333107753
+375333114599
+375333123844
+375333167181
+375333186509
+375333210370
+375333211463
+375333215513
+375333215901
+375333225517
+375333226068
+375333231716
+375333232532
+375333235255
+375333236519
+375333238187
+375333238526
+375333247203
+375333252291
+375333298628
+375333302205
+375333304340
+375333305586
+375333307854
+375333315361
+375333350824
+375333351650
+375333360769
+375333364730
+375333418580
+375333420553
+375333422179
+375333422624
+375333434079
+375333457493
+375333490881
+375333514276
+375333535450
+375333550366
+375333551106
+375333554066
+375333554120
+375333555359
+375333555885
+375333557035
+375333561753
+375333563498
+375333564401
+375333566343
+375333566430
+375333567767
+375333568936
+375333601813
+375333614801
+375333616194
+375333616316
+375333623083
+375333650240
+375333669361
+375333669544
+375333713001
+375333721750
+375333746651
+375333746742
+375333747051
+375333754625
+375333778233
+375333782760
+375333783652
+375333784809
+375333787861
+375333788483
+375333799103
+375333817338
+375333845612
+375333858928
+375333866916
+375333871506
+375333873766
+375333885850
+375333891037
+375333894195
+375333903397
+375333912355
+375333924860
+375333946666
+375333954942
+375336000345
+375336014480
+375336017415
+375336040114
+375336042469
+375336052720
+375336052969
+375336055042
+375336055251
+375336060444
+375336060826
+375336061330
+375336062733
+375336065382
+375336076657
+375336079379
+375336084504
+375336084944
+375336094488
+375336096797
+375336157890
+375336205995
+375336212283
+375336235903
+375336253068
+375336280416
+375336304950
+375336306773
+375336350281
+375336351083
+375336354516
+375336359377
+375336386767
+375336407103
+375336409507
+375336410884
+375336411211
+375336411815
+375336411877
+375336412401
+375336412987
+375336414853
+375336415020
+375336417374
+375336420510
+375336426830
+375336429527
+375336431494
+375336432140
+375336434899
+375336435788
+375336436444
+375336436601
+375336437862
+375336438267
+375336439189
+375336440012
+375336441554
+375336442531
+375336447997
+375336452261
+375336459274
+375336460257
+375336471367
+375336486550
+375336487475
+375336531164
+375336537858
+375336540053
+375336544647
+375336562252
+375336562933
+375336570280
+375336587991
+375336590666
+375336627065
+375336634879
+375336644486
+375336662638
+375336670827
+375336673069
+375336702207
+375336710048
+375336713765
+375336723306
+375336725794
+375336743796
+375336744285
+375336746471
+375336754028
+375336787057
+375336790085
+375336797793
+375336836309
+375336855139
+375336878610
+375336879166
+375336893384
+375336908579
+375336916368
+375336927418
+375336931607
+375336942357
+375336943966
+375336946132
+375336955823
+375336956576
+375336960399
+375336967091
+375336986265
+375336990282
+375336992305
+375336994883
+375336995459
+375337110311
+375339018075
+375339021191
+375339031665
+375339036338
+375339039017
+375339040311
+375339040329
+375339045177
+375339049927
+375444113421
+375444534081
+375444546700
+375444550017
+375444571982
+375444597096
+375444628508
+375444660418
+375444661946
+375444668251
+375444675616
+375444695003
+375444695573
+375444711382
+375444730334
+375444734939
+375444804676
+375444874514
+375444901447
+375445323401
+375445351194
+375445356966
+375445380233
+375445427499
+375445442115
+375445487102
+375445495304
+375445560140
+375445624106
+375445665125
+375445702485
+375445759190
+375445761104
+375445776855
+375445795392
+375445990469
+375445991395
+375447079620
+375447134046
+375447153831
+375447157874
+375447181002
+375447197515
+375447241462
+375447302161
+375447322073
+375447429661
+375447497446
+375447568004
+375447595751
+375447607650
+375447829766
+375447839581
+375447996594
