+375259072994
+375259354902
+375291017245
+375291620987
+375291754558
+375291807614
+375292012014
+375292041430
+375292044005
+375292044183
+375292044729
+375292065253
+375292065308
+375292070202
+375292089020
+375292089398
+375292091768
+375292199185
+375292223207
+375292223384
+375292225753
+375292251980
+375292661610
+375292747765
+375292861057
+375293111442
+375293138596
+375293186795
+375293209320
+375293321404
+375293324270
+375293393271
+375293422223
+375293452752
+375293507782
+375293558565
+375293711173
+375293797388
+375293813426
+375293824566
+375293863338
+375293934525
+375295180319
+375295209852
+375295214117
+375295224022
+375295229274
+375295240683
+375295247793
+375295248698
+375295253622
+375295258133
+375295258291
+375295263407
+375295265974
+375295288334
+375295297434
+375295506357
+375295636440
+375295705082
+375295721686
+375295745102
+375296032508
+375296060668
+375296072268
+375296077869
+375296080939
+375296082516
+375296113259
+375296117724
+375296164845
+375296168306
+375296168950
+375296192461
+375296231163
+375296328233
+375296333757
+375296348091
+375296366176
+375296366717
+375296424075
+375296430085
+375296471952
+375296540585
+375296658947
+375296792865
+375296835871
+375296893931
+375297081311
+375297200391
+375297202162
+375297202764
+375297216015
+375297216549
+375297217723
+375297218907
+375297239181
+375297240259
+375297240407
+375297241092
+375297251303
+375297254379
+375297259047
+375297269983
+375297273532
+375297282096
+375297282968
+375297296744
+375297330520
+375297499903
+375297513849
+375297555684
+375297841834
+375297880555
+375297918948
+375297923068
+375297923077
+375297924462
+375297925088
+375297935486
+375297936736
+375297939087
+375297946568
+375297955212
+375297988897
+375298006693
+375298006865
+375298009331
+375298011309
+375298028380
+375298028400
+375298043049
+375298067435
+375298082011
+375298087315
+375298088354
+375298216344
+375298220625
+375298233855
+375298241011
+375298241090
+375298243131
+375298267212
+375298281100
+375298282201
+375298294555
+375298593510
+375298746689
+375298971928
+375299090025
+375299269222
+375299336553
+375299436606
+375299642564
+375333169037
+375333234239
+375333237885
+375333255851
+375333284993
+375333291649
+375333433504
+375333584720
+375333867911
+375336050550
+375336157724
+375336331040
+375336338931
+375336370162
+375336408875
+375336416289
+375336419880
+375336424062
+375336732155
+375336732635
+375336734104
+375336734262
+375336735724
+375336849155
+375336858947
+375336994789
+375339032951
+375444802389
+375445324122
+375445404253
+375445641793
+375445693222
+375447236595
+375447340492
+375447633125
+375447847980
