Прокуратура Гродненской области

+375255219968
+375259191220
+375291111683
+375291119692
+375291167029
+375291258215
+375291396295
+375291445707
+375291463111
+375291492151
+375291499930
+375291521852
+375291557891
+375291597333
+375291787660
+375291853855
+375291919776
+375292063712
+375292234674
+375292652968
+375292673292
+375292687031
+375292687319
+375292804067
+375292807219
+375292815749
+375292816858
+375292825094
+375292877072
+375292880191
+375292882493
+375292884978
+375292886617
+375293151528
+375293153550
+375293199985
+375293294144
+375293306888
+375293310640
+375293310670
+375293320493
+375293344158
+375293377704
+375293377785
+375293421415
+375293425795
+375293430950
+375293433039
+375293433044
+375293434787
+375293551013
+375293600030
+375293616884
+375293630615
+375293667704
+375293784562
+375293911808
+375293911889
+375293962913
+375295063827
+375295340430
+375295841636
+375295842488
+375295855466
+375295855516
+375295856147
+375295862498
+375295864554
+375295865203
+375295865211
+375295872157
+375295872321
+375295873317
+375295883948
+375296077673
+375296111752
+375296113027
+375296114660
+375296195022
+375296224120
+375296346642
+375296567918
+375296587617
+375296626015
+375296848005
+375296927059
+375296954849
+375296975473
+375296982100
+375296984860
+375296993820
+375296993844
+375296998528
+375297660457
+375297807132
+375297807801
+375297811710
+375297813089
+375297813971
+375297814190
+375297816046
+375297821843
+375297821952
+375297824066
+375297830112
+375297839830
+375297845155
+375297847523
+375297848028
+375297850368
+375297853630
+375297855755
+375297857217
+375297866955
+375297868544
+375297881955
+375297887690
+375297888856
+375297892569
+375297892920
+375297893271
+375297988761
+375298058647
+375298060641
+375298664192
+375298669763
+375298673475
+375298827302
+375298836381
+375298840648
+375298847575
+375298863900
+375298868709
+375298878525
+375298884567
+375298892392
+375299077010
+375299212324
+375299543819
+375299912200
+375333000268
+375333128717
+375333352539
+375333539439
+375333777445
+375336209152
+375336211840
+375336216240
+375336217951
+375336218105
+375336225537
+375336234545
+375336246483
+375336490125
+375336495556
+375336548384
+375336548509
+375336554123
+375336557070
+375336575940
+375336860106
+375336882292
+375336883793
+375336888741
+375336894996
+375336982278
+375445445440
+375445452921
+375447036313
+375447119558
+375447132144
+375447216966
+375447312259
+375447458878
