+375255348811
+375256521046
+375259009191
+375259025765
+375259201835
+375259401232
+375259882062
+375291042904
+375291080800
+375291089525
+375291133623
+375291141985
+375291153999
+375291178659
+375291191286
+375291199033
+375291201552
+375291255759
+375291323110
+375291328658
+375291339139
+375291405371
+375291416139
+375291443680
+375291520461
+375291520737
+375291526669
+375291644929
+375291735824
+375291744119
+375291809294
+375291962298
+375292092187
+375292253934
+375292612053
+375292658616
+375292988909
+375293063153
+375293076269
+375293107825
+375293134812
+375293188996
+375293199080
+375293204133
+375293205081
+375293211834
+375293239599
+375293266413
+375293272622
+375293294362
+375293309603
+375293317214
+375293330733
+375293382528
+375293445460
+375293475512
+375293547499
+375293569591
+375293576087
+375293578615
+375293586208
+375293617075
+375293702021
+375293780134
+375293780605
+375293823812
+375293849322
+375293857394
+375293884079
+375293945686
+375295106021
+375295305398
+375295363754
+375295510824
+375295581548
+375295866337
+375295902434
+375295934644
+375295991271
+375296033738
+375296045226
+375296048644
+375296050740
+375296051512
+375296067419
+375296096862
+375296102395
+375296118873
+375296124015
+375296151010
+375296151777
+375296179383
+375296180229
+375296183141
+375296188856
+375296190983
+375296208943
+375296217298
+375296218209
+375296234181
+375296243733
+375296261006
+375296281932
+375296285641
+375296287293
+375296307330
+375296344838
+375296374807
+375296408577
+375296409875
+375296453539
+375296453677
+375296592555
+375296613171
+375296614916
+375296618121
+375296636333
+375296663345
+375296695969
+375296796573
+375296810806
+375296819968
+375296823072
+375296830898
+375296835053
+375296836042
+375296839094
+375296848718
+375296855943
+375296983534
+375297014416
+375297377515
+375297511473
+375297512146
+375297625741
+375297662153
+375297757368
+375297761342
+375297821730
+375298124834
+375298200746
+375298211057
+375298219424
+375298225434
+375298459819
+375298528063
+375298571235
+375298787070
+375298835116
+375298870849
+375298987117
+375299655690
+375299872457
+375299898179
+375333001767
+375333128481
+375333310564
+375333353417
+375333368029
+375333808109
+375336037054
+375336340037
+375336378907
+375336452837
+375336593390
+375336800261
+375336956086
+375336994398
+375339039402
+375445145766
+375445166591
+375445310068
+375445760419
+375445946040
+375447094169
+375447107311
+375447156908
+375447209554
+375447277701
+375447304877
+375447337817
+375447357394
+375447380793
+375447385001
+375447505275
+375447568268
+375447608091
+375447683714
+375447785211
+375447898947
+375447915464
+375447985818
