+375255104794
+375255217359
+375255297040
+375256555405
+375256813764
+375257038041
+375257065443
+375257151112
+375257664786
+375259464795
+375259860503
+375291016896
+375291033267
+375291046231
+375291056332
+375291089879
+375291136207
+375291177781
+375291184133
+375291209580
+375291211744
+375291219418
+375291239650
+375291244363
+375291251614
+375291307212
+375291309919
+375291317379
+375291328976
+375291360823
+375291385492
+375291392845
+375291394792
+375291397033
+375291438357
+375291467590
+375291468917
+375291528312
+375291547543
+375291640174
+375291648325
+375291654713
+375291691082
+375291766548
+375291768089
+375291794841
+375291826780
+375291843835
+375291925670
+375291953847
+375292030695
+375292045105
+375292048788
+375292301329
+375292302041
+375292323140
+375292343835
+375292358357
+375292399986
+375292413820
+375292454653
+375292479893
+375292588017
+375292936943
+375293024271
+375293041720
+375293113395
+375293117167
+375293122104
+375293130987
+375293136580
+375293139989
+375293143437
+375293197145
+375293212896
+375293234919
+375293239916
+375293247111
+375293261455
+375293264811
+375293283685
+375293293880
+375293300492
+375293303998
+375293306857
+375293311574
+375293312775
+375293328726
+375293330468
+375293330478
+375293343880
+375293362739
+375293364828
+375293368546
+375293373504
+375293388233
+375293393573
+375293404914
+375293405790
+375293419879
+375293421501
+375293445096
+375293475607
+375293487124
+375293495913
+375293501701
+375293508373
+375293517237
+375293517660
+375293527074
+375293552405
+375293595134
+375293604950
+375293662744
+375293690410
+375293692168
+375293695846
+375293807693
+375293815356
+375293864490
+375293914501
+375293950653
+375293972750
+375294567651
+375295002740
+375295278389
+375295317192
+375295330090
+375295393837
+375295524360
+375295670425
+375295916385
+375296028569
+375296043757
+375296051330
+375296053098
+375296056333
+375296060801
+375296070531
+375296087333
+375296088873
+375296094672
+375296127591
+375296184698
+375296189783
+375296197662
+375296222523
+375296247546
+375296284250
+375296292067
+375296304315
+375296330275
+375296331806
+375296605318
+375296675371
+375296679531
+375296923488
+375296931543
+375296931695
+375297057226
+375297158511
+375297275866
+375297328685
+375297347945
+375297362799
+375297396213
+375297560970
+375297580819
+375297608428
+375297622563
+375297629490
+375297643529
+375297746189
+375297864244
+375298068510
+375298085236
+375298129068
+375298311637
+375298313826
+375298318734
+375298326947
+375298333652
+375298368036
+375298399045
+375298480138
+375298754493
+375298783754
+375298862364
+375299116526
+375299187203
+375299358960
+375299384086
+375299716521
+375299914966
+375299997398
+375333130691
+375333153237
+375333156295
+375333188233
+375333260341
+375333262364
+375333262491
+375333329061
+375333593807
+375333866503
+375333877091
+375336026627
+375336047347
+375336166003
+375336177549
+375336189661
+375336349343
+375336349601
+375336362094
+375336467078
+375336507612
+375336515341
+375336517019
+375336625445
+375336650716
+375336663960
+375336695595
+375336771890
+375336801319
+375336802979
+375336829214
+375336829799
+375336835426
+375336841323
+375337529326
+375337529330
+375337529340
+375337529629
+375337544719
+375339113555
+375445055664
+375445145116
+375445170545
+375445342090
+375445424174
+375445441082
+375445443160
+375445630962
+375445648425
+375445698738
+375445752164
+375445801211
+375445805187
+375445842006
+375445847487
+375447002778
+375447017544
+375447021300
+375447030079
+375447071294
+375447072072
+375447108574
+375447108993
+375447193759
+375447249482
+375447259723
+375447270405
+375447283641
+375447303709
+375447315233
+375447347720
+375447352884
+375447376714
+375447381631
+375447382179
+375447386696
+375447387948
+375447432657
+375447438817
+375447440631
+375447465432
+375447465611
+375447478619
+375447480825
+375447490465
+375447524210
+375447547201
+375447642906
+375447679402
+375447716738
+375447760252
+375447762735
+375447938531
+375447963010
+375447965442
