Силовики Брестской области

+375017229042
+375029222780
+375029373061
+375029389797
+375156326512
+375162201090
+375162205446
+375162211699
+375162262070
+375162273724
+375162275203
+375162275488
+375162275718
+375162309102
+375162309108
+375162356236
+375162412444
+375162422678
+375162454083
+375162464339
+375162511563
+375162574467
+375162642941
+375162931190
+375163121378
+375163121778
+375163125083
+375163146236
+375163220599
+375163254136
+375163269136
+375163273625
+375163292717
+375163295763
+375163320599
+375163321202
+375163321652
+375163324837
+375163411159
+375163422867
+375163458647
+375163484767
+375164121221
+375164121990
+375164122149
+375164125237
+375164277783
+375164329884
+375164339791
+375164345649
+375164349006
+375164430130
+375164433031
+375164522440
+375164591208
+375164591952
+375164721170
+375164790247
+375165120247
+375165120261
+375165122486
+375165141135
+375165221378
+375165258202
+375165294497
+375165312801
+375165312812
+375165662671
+375171260172
+375172155345
+375172155413
+375172185293
+375172187126
+375172199401
+375172240662
+375172262093
+375172290418
+375172290427
+375172343830
+375172396600
+375172612579
+375172653473
+375172703846
+375172812524
+375172945136
+375173146176
+375173658882
+375173752968
+375173757153
+375173800293
+375173989020
+375174332001
+375175046170
+375175061116
+375175424801
+375176702967
+375177538321
+375177567002
+375177655484
+375177674729
+375179050029
+375179723439
+375212341472
+375224332474
+375232364325
+375234740229
+375250055402
+375250742402
+375251562402
+375252107029
+375252111202
+375252446002
+375252941902
+375253110163
+375253440162
+375253630162
+375253670162
+375253760162
+375253960162
+375254702202
+375254770162
+375254880162
+375255053329
+375255090066
+375255230162
+375255236938
+375255240162
+375255264008
+375255290162
+375255334707
+375255449210
+375255900162
+375256031802
+375256484545
+375256587502
+375257180162
+375257261289
+375257276746
+375257679021
+375257729431
+375258860162
+375259198974
+375259275457
+375259421171
+375259509619
+375259585102
+375259708139
+375290162275
+375290427375
+375291028222
+375291045697
+375291063884
+375291077621
+375291112255
+375291167148
+375291236866
+375291258778
+375291326500
+375291351300
+375291352091
+375291370235
+375291464699
+375291508913
+375291585294
+375291588846
+375291610737
+375291616587
+375291693059
+375291735455
+375291741957
+375291751893
+375291758303
+375291763241
+375291799155
+375291836267
+375291849941
+375291855052
+375291872053
+375291874530
+375291879548
+375291899444
+375291975837
+375291993427
+375291993499
+375292000696
+375292011298
+375292040479
+375292058526
+375292061872
+375292086576
+375292094505
+375292099335
+375292109878
+375292132148
+375292207124
+375292227800
+375292229904
+375292230355
+375292235424
+375292235777
+375292236702
+375292251980
+375292265106
+375292285632
+375292286399
+375292320429
+375292322338
+375292394943
+375292418935
+375292553204
+375292639428
+375292645409
+375292759175
+375292788496
+375292849279
+375292861716
+375292886108
+375292886436
+375292994728
+375293017218
+375293089394
+375293143448
+375293144801
+375293193857
+375293270716
+375293305378
+375293363314
+375293376382
+375293522087
+375293552639
+375293558215
+375293578227
+375293629652
+375293684951
+375293730610
+375293841652
+375293852104
+375293871736
+375293897970
+375293899952
+375293970121
+375294190297
+375295027774
+375295055505
+375295076483
+375295180319
+375295217226
+375295225489
+375295225623
+375295230169
+375295231265
+375295252107
+375295261292
+375295271874
+375295277689
+375295278072
+375295278114
+375295278192
+375295290615
+375295290827
+375295291382
+375295299859
+375295332576
+375295458055
+375295466509
+375295479120
+375295488668
+375295539370
+375295560734
+375295593314
+375295600806
+375295601184
+375295604316
+375295672716
+375295678587
+375295679050
+375295688756
+375295729329
+375295735113
+375295838274
+375295913739
+375296072268
+375296077533
+375296087099
+375296099522
+375296133243
+375296161827
+375296166043
+375296179050
+375296224057
+375296226059
+375296240308
+375296258692
+375296261892
+375296279193
+375296294569
+375296302113
+375296303368
+375296331852
+375296333679
+375296384879
+375296424501
+375296448107
+375296469789
+375296513060
+375296537914
+375296556630
+375296563314
+375296564754
+375296626833
+375296658947
+375296665403
+375296690251
+375296704802
+375296706298
+375296707754
+375296711165
+375296715132
+375296728389
+375296733120
+375296763646
+375296835871
+375296878139
+375296896164
+375296902668
+375296971733
+375296990294
+375296991551
+375297005001
+375297020439
+375297032140
+375297071511
+375297076046
+375297078227
+375297201767
+375297204753
+375297206130
+375297206245
+375297208772
+375297209047
+375297209842
+375297212582
+375297212760
+375297214007
+375297217380
+375297218406
+375297219182
+375297220297
+375297226146
+375297226244
+375297227592
+375297233012
+375297234877
+375297235161
+375297235685
+375297240679
+375297243420
+375297243830
+375297245022
+375297245703
+375297245991
+375297247491
+375297248933
+375297249142
+375297255031
+375297259047
+375297259461
+375297263243
+375297263331
+375297263411
+375297264421
+375297265561
+375297265712
+375297274261
+375297281007
+375297281348
+375297287841
+375297288715
+375297290599
+375297290847
+375297291325
+375297356224
+375297400457
+375297414247
+375297423520
+375297509416
+375297571569
+375297572691
+375297632291
+375297666629
+375297677416
+375297705452
+375297722849
+375297729689
+375297757317
+375297806757
+375297816726
+375297821275
+375297822175
+375297824352
+375297900909
+375297910078
+375297910910
+375297914091
+375297922209
+375297925345
+375297925837
+375297926064
+375297932048
+375297936268
+375297937139
+375297945758
+375297949376
+375297952567
+375297954183
+375297961138
+375297961204
+375297966611
+375297969895
+375297979672
+375297980891
+375297982362
+375297983031
+375297984498
+375297984696
+375297985916
+375297985987
+375297987424
+375298007001
+375298010808
+375298014712
+375298017268
+375298020007
+375298025765
+375298037982
+375298041724
+375298049103
+375298053159
+375298056869
+375298066033
+375298066049
+375298079850
+375298080901
+375298200166
+375298203102
+375298229044
+375298229072
+375298230054
+375298233855
+375298234921
+375298241090
+375298250092
+375298259000
+375298266906
+375298276621
+375298280177
+375298281490
+375298284456
+375298287920
+375298294850
+375298547870
+375298618962
+375298649341
+375298654157
+375298684998
+375298736717
+375298739253
+375298788087
+375298803500
+375298894239
+375298900305
+375298978130
+375299099988
+375299560895
+375333027275
+375333042578
+375333043647
+375333048430
+375333200758
+375333225517
+375333232768
+375333252291
+375333307176
+375333314904
+375333364730
+375333420553
+375333430712
+375333433707
+375333501870
+375333563456
+375333650560
+375333707677
+375333707813
+375333707924
+375333747051
+375333826869
+375333912355
+375333946666
+375336004986
+375336006199
+375336055405
+375336067355
+375336084944
+375336087871
+375336094963
+375336194111
+375336254277
+375336258692
+375336288833
+375336322286
+375336325587
+375336373442
+375336380163
+375336436601
+375336447900
+375336477643
+375336509645
+375336540053
+375336618991
+375336700379
+375336716586
+375336718740
+375336733798
+375336740705
+375336817714
+375336836309
+375336858947
+375336871080
+375336905663
+375336925140
+375336995459
+375337502922
+375338502972
+375339040311
+375375340272
+375444597096
+375444628508
+375444711382
+375444901447
+375445487102
+375445542926
+375445557537
+375445876018
+375445990469
+375447079620
+375447091021
+375447134046
+375447181002
+375447312976
+375447527454
+375447527464
+375447569313
+375447570546
+375447582481
+375447607650
+375447645918
+375447712640
+375447749244
+375447828281
+375447829766
+375447847980
+375447923582
