+375255099070
+375255289330
+375255444742
+375291060092
+375291090172
+375291177935
+375291180185
+375291215559
+375291297791
+375291316816
+375291346521
+375291536769
+375291622732
+375291720107
+375291807725
+375291818510
+375291868355
+375292384391
+375292462445
+375292512516
+375292618666
+375292651873
+375292657608
+375292675703
+375292681872
+375292811191
+375292813134
+375292821688
+375292843029
+375292865071
+375292879550
+375292889700
+375292892068
+375293032650
+375293079081
+375293177587
+375293258005
+375293422394
+375293510336
+375293670964
+375293722823
+375293738741
+375293871361
+375293879708
+375293891485
+375293990074
+375295167581
+375295296221
+375295308917
+375295591166
+375295639789
+375295720408
+375295802215
+375295809002
+375295809846
+375295817713
+375295819184
+375295833512
+375295833556
+375295847435
+375295849623
+375295864928
+375295882856
+375295893238
+375295897405
+375296010338
+375296069594
+375296121803
+375296127439
+375296188364
+375296198318
+375296377674
+375296481464
+375296579102
+375296586583
+375296985219
+375297065765
+375297246876
+375297344593
+375297382780
+375297432826
+375297495480
+375297512398
+375297521661
+375297613228
+375297628581
+375297688584
+375297707158
+375297796539
+375297806432
+375297810782
+375297819855
+375297823858
+375297824492
+375297831330
+375297831639
+375297833620
+375297834248
+375297837016
+375297847642
+375297849899
+375297860602
+375297866314
+375297873096
+375297882257
+375297895644
+375298020885
+375298225067
+375298393859
+375298435385
+375298684912
+375298687944
+375298758762
+375298827805
+375298829193
+375298842712
+375298843758
+375298882009
+375298886012
+375299115312
+375299459817
+375299662137
+375299865859
+375333105334
+375333105949
+375333111795
+375333115274
+375333125629
+375333212828
+375333252413
+375333412662
+375333413542
+375333649501
+375333774867
+375333927590
+375336178350
+375336190668
+375336225458
+375336241938
+375336242729
+375336243450
+375336249298
+375336290067
+375336411386
+375336522453
+375336577797
+375336611399
+375336841144
+375336843069
+375336859868
+375336866552
+375336887438
+375336912419
+375445382279
+375445483952
+375445702196
+375445776605
+375447262445
+375447317345
+375447327325
+375447376179
+375447722275
+375447917517
