+375170309201
+375171360520
+375171459537
+375171750208
+375171865478
+375171955582
+375172050984
+375172135733
+375172260205
+375172262202
+375172374202
+375172496419
+375172526811
+375172552859
+375172720336
+375172726417
+375172770213
+375172770215
+375172770220
+375172817504
+375172958144
+375172976384
+375173024703
+375173089091
+375173089094
+375173105708
+375173511873
+375173516873
+375173518967
+375173786355
+375174260273
+375175131175
+375177020488
+375177025159
+375177025478
+375177153088
+375177155478
+375177254418
+375177478448
+375177566563
+375177786912
+375179258500
+375179362636
+375179467172
+375179524832
+375179656764
+375179727264
+375259667253
+375291541602
+375291786458
+375291850123
+375292614913
+375292745824
+375292759716
+375292977135
+375293049078
+375293110780
+375293285043
+375293324337
+375293339557
+375293490365
+375293768662
+375293774466
+375293866051
+375295023466
+375295687988
+375295741298
+375296060461
+375296103753
+375296129568
+375296290820
+375296372712
+375296373508
+375296406409
+375296441640
+375296456140
+375296531322
+375296533191
+375296574790
+375296588416
+375296993997
+375297543868
+375297622114
+375297657328
+375297683485
+375297802236
+375298090349
+375298225434
+375298509584
+375298546261
+375298547193
+375298741359
+375298990086
+375299257152
+375333017263
+375333181944
+375333222840
+375333783924
+375336247734
+375336272632
+375336665747
+375336912208
+375447446372
+375447760388
+375447805578
