Прокуратура Гомельской области

+375256199847
+375256742233
+375257704472
+375259707507
+375291050513
+375291060640
+375291062005
+375291118710
+375291124847
+375291126865
+375291177707
+375291181752
+375291190449
+375291246820
+375291260895
+375291302677
+375291319841
+375291353749
+375291357395
+375291373661
+375291379876
+375291474195
+375291502894
+375291584148
+375291587261
+375291730563
+375291746494
+375291778893
+375291803573
+375291856106
+375291918530
+375291950965
+375291962414
+375291965020
+375291996245
+375293033951
+375293072907
+375293109502
+375293117189
+375293126308
+375293153837
+375293250989
+375293252814
+375293257476
+375293321810
+375293336742
+375293336806
+375293367090
+375293401197
+375293401314
+375293432683
+375293434615
+375293446075
+375293487623
+375293502444
+375293503420
+375293505924
+375293518261
+375293524668
+375293528389
+375293564817
+375293637310
+375293645721
+375293712833
+375293717666
+375293750575
+375293791997
+375293816236
+375293859314
+375293880273
+375293883635
+375293900171
+375293934729
+375293936715
+375295001059
+375295347441
+375295397528
+375295939789
+375296017205
+375296030824
+375296034103
+375296051689
+375296058166
+375296074925
+375296076433
+375296092820
+375296113626
+375296114548
+375296125969
+375296130924
+375296132638
+375296137312
+375296138623
+375296149676
+375296157379
+375296157954
+375296159741
+375296173428
+375296176943
+375296177905
+375296184681
+375296194759
+375296196553
+375296218342
+375296270781
+375296272837
+375296281061
+375296358308
+375296391354
+375296407819
+375296445549
+375296446350
+375296485776
+375296488648
+375296489987
+375296496532
+375296519568
+375296536352
+375296551143
+375296557276
+375296563184
+375296563848
+375296616276
+375296621825
+375296641017
+375296699389
+375296754256
+375296757379
+375296760374
+375296777908
+375296796073
+375296803318
+375296854131
+375296858252
+375296894713
+375296927042
+375296932344
+375296949180
+375296967109
+375296974170
+375296981648
+375296982086
+375296982109
+375296983446
+375296983857
+375296996379
+375297064676
+375297320842
+375297325929
+375297328463
+375298135357
+375298333793
+375299228715
+375299826293
+375333150078
+375333158312
+375333181999
+375333777899
+375336150788
+375336151102
+375336506730
+375336535579
+375336536277
+375336830802
+375336841599
+375336842554
+375336843011
+375445414892
+375445474104
+375445507395
+375445518285
+375445572330
+375445577000
+375445636159
+375445723068
+375445728530
+375445887446
+375447017601
+375447072634
+375447083804
+375447146829
+375447166747
+375447192602
+375447225181
+375447234080
+375447249320
+375447284601
+375447362455
+375447391476
+375447416086
+375447417682
+375447430795
+375447462740
+375447477555
+375447485524
+375447500036
+375447513430
+375447542486
+375447583775
+375447624244
+375447696039
+375447773700
+375447783200
+375447787436
+375447793950
+375447859047
+375447954065
