[
{ "rows": 4, "columns": 4, "pairs": [[3,3,0,0]], "colorIds": [2], "forbiddenCells": [0,3,1,1,2,2,3,2] },
{ "rows": 4, "columns": 4, "pairs": [[0,0,3,3]], "colorIds": [1], "forbiddenCells": [0,1,1,3,2,1,2,3,3,1] },
{ "rows": 4, "columns": 4, "pairs": [[0,3,3,0]], "colorIds": [1], "forbiddenCells": [1,0,1,1,1,2,2,1,2,2] },
{ "rows": 4, "columns": 4, "pairs": [[3,3,0,0]], "colorIds": [1], "forbiddenCells": [0,1,2,1,2,3,3,1] },
{ "rows": 4, "columns": 4, "pairs": [[0,0,3,3]], "colorIds": [5], "forbiddenCells": [1,0,1,1,1,2,2,1,2,2,3,0,3,2] },
{ "rows": 4, "columns": 5, "pairs": [[3,0,0,4]], "colorIds": [2], "forbiddenCells": [0,1,1,3,2,1,2,4,3,1] },
{ "rows": 4, "columns": 5, "pairs": [[0,4,3,0]], "colorIds": [3], "forbiddenCells": [0,3,1,0,2,1,2,2,2,4] },
{ "rows": 4, "columns": 5, "pairs": [[0,4,3,0]], "colorIds": [2], "forbiddenCells": [0,3,1,3,2,0,2,1,3,3] },
{ "rows": 4, "columns": 4, "pairs": [[0,2,3,0]], "colorIds": [4], "forbiddenCells": [0,1,0,3,1,1,2,2] },
{ "rows": 4, "columns": 4, "pairs": [[2,0,0,3]], "colorIds": [3], "forbiddenCells": [0,1,0,2,1,1,1,2,2,1,2,2] },
{ "rows": 4, "columns": 4, "pairs": [[3,3,1,0]], "colorIds": [4], "forbiddenCells": [0,0,1,2,2,2,3,1] },
{ "rows": 4, "columns": 4, "pairs": [[1,3,0,0]], "colorIds": [4], "forbiddenCells": [0,2,1,1,1,2,2,2,3,0] },
{ "rows": 5, "columns": 5, "pairs": [[0,4,4,0]], "colorIds": [3], "forbiddenCells": [0,2,1,3,2,3,3,2,4,4] },
{ "rows": 4, "columns": 4, "pairs": [[3,2,0,3]], "colorIds": [5], "forbiddenCells": [1,1,2,1,2,2,3,3] },
{ "rows": 5, "columns": 5, "pairs": [[0,4,4,0]], "colorIds": [4], "forbiddenCells": [0,3,1,2,2,0,2,4,3,2,3,3,4,1] },
{ "rows": 4, "columns": 5, "pairs": [[2,0,0,4]], "colorIds": [4], "forbiddenCells": [0,3,1,2,1,3,2,2,3,0,3,4] },
{ "rows": 5, "columns": 5, "pairs": [[0,4,4,0]], "colorIds": [5], "forbiddenCells": [0,3,1,2,1,3,3,1,3,3,3,4,4,2] },
{ "rows": 4, "columns": 5, "pairs": [[0,0,2,4]], "colorIds": [2], "forbiddenCells": [0,3,1,0,1,2,2,2,2,3] },
{ "rows": 5, "columns": 5, "pairs": [[0,0,4,4]], "colorIds": [1], "forbiddenCells": [1,1,2,0,2,3,2,4,3,0,4,2,4,3] },
{ "rows": 4, "columns": 5, "pairs": [[2,4,1,0]], "colorIds": [1], "forbiddenCells": [1,1,1,4,2,1,2,3,3,1] },
{ "rows": 5, "columns": 6, "pairs": [[0,0,4,5]], "colorIds": [4], "forbiddenCells": [0,2,1,0,1,2,2,0,2,4,2,5,3,0,3,1,3,3,3,4,4,0] },
{ "rows": 5, "columns": 5, "pairs": [[4,0,0,3]], "colorIds": [4], "forbiddenCells": [0,1,0,2,1,1,1,2,1,3,2,1,2,2,3,0,3,1,3,4,4,3] },
{ "rows": 5, "columns": 6, "pairs": [[0,0,4,5]], "colorIds": [2], "forbiddenCells": [0,2,1,2,2,1,2,2,3,3,4,1] },
{ "rows": 4, "columns": 4, "pairs": [[3,0,1,1]], "colorIds": [4], "forbiddenCells": [1,2,2,0,2,1,3,3] },
{ "rows": 5, "columns": 5, "pairs": [[4,4,1,0]], "colorIds": [2], "forbiddenCells": [1,1,1,3,2,0,2,4,3,2,4,3] },
{ "rows": 4, "columns": 4, "pairs": [[3,0,3,2]], "colorIds": [3], "forbiddenCells": [1,1,1,2,2,1,3,1,3,3] },
{ "rows": 4, "columns": 5, "pairs": [[3,1,2,4]], "colorIds": [3], "forbiddenCells": [0,3,1,1,2,1,2,3,3,2] },
{ "rows": 4, "columns": 5, "pairs": [[2,1,3,4]], "colorIds": [3], "forbiddenCells": [1,1,1,2,1,3,2,3,3,3] },
{ "rows": 5, "columns": 6, "pairs": [[3,5,0,0]], "colorIds": [3], "forbiddenCells": [0,2,0,4,0,5,1,0,1,2,1,3,1,5,2,0,2,3,2,5,3,1,3,3,4,5] },
{ "rows": 6, "columns": 6, "pairs": [[0,5,5,0]], "colorIds": [3], "forbiddenCells": [0,0,0,3,0,4,1,0,2,2,2,3,2,4,3,2,4,0,4,3,5,2] },
{ "rows": 5, "columns": 5, "pairs": [[0,4,2,0]], "colorIds": [3], "forbiddenCells": [1,0,1,1,2,2,2,3,3,0,3,2,4,4] },
{ "rows": 6, "columns": 6, "pairs": [[5,5,0,0]], "colorIds": [5], "forbiddenCells": [0,4,1,0,1,1,1,2,1,5,2,2,2,4,2,5,3,1,4,4,5,4] },
{ "rows": 5, "columns": 5, "pairs": [[0,2,4,0]], "colorIds": [1], "forbiddenCells": [0,0,0,4,1,1,1,2,2,1,2,3,3,1,4,3] },
{ "rows": 4, "columns": 5, "pairs": [[3,0,1,1]], "colorIds": [2], "forbiddenCells": [0,1,1,0,1,3,2,1,2,2,2,3] },
{ "rows": 6, "columns": 7, "pairs": [[0,0,5,6]], "colorIds": [1], "forbiddenCells": [0,1,0,4,2,2,2,3,2,5,2,6,3,1,3,6,4,2,4,3,4,4,5,3,5,4,5,5] },
{ "rows": 5, "columns": 5, "pairs": [[4,4,0,3]], "colorIds": [1], "forbiddenCells": [0,4,1,1,1,3,2,1,2,2,3,3,3,4,4,1] },
{ "rows": 5, "columns": 6, "pairs": [[2,5,0,0]], "colorIds": [4], "forbiddenCells": [0,1,0,3,1,2,1,5,2,0,2,2,2,4,3,0,3,4,4,2] },
{ "rows": 4, "columns": 5, "pairs": [[2,0,1,2]], "colorIds": [4], "forbiddenCells": [1,0,1,1,1,3,2,2,3,0,3,4] },
{ "rows": 4, "columns": 5, "pairs": [[0,2,1,0]], "colorIds": [5], "forbiddenCells": [0,1,1,1,1,2,1,3,2,1,3,3,3,4] },
{ "rows": 5, "columns": 6, "pairs": [[1,0,0,5]], "colorIds": [4], "forbiddenCells": [0,0,0,3,1,3,1,4,2,0,2,2,2,3,3,3,3,5,4,1] },
{ "rows": 5, "columns": 6, "pairs": [[4,1,0,5]], "colorIds": [2], "forbiddenCells": [0,3,0,4,1,1,2,1,2,2,2,3,3,1,3,3,4,3] },
{ "rows": 5, "columns": 6, "pairs": [[0,0,4,2]], "colorIds": [5], "forbiddenCells": [0,2,0,4,1,0,1,5,2,2,2,3,3,0,3,1,3,2,3,3,3,4] },
{ "rows": 5, "columns": 5, "pairs": [[0,2,2,0]], "colorIds": [4], "forbiddenCells": [0,0,0,3,1,1,1,4,2,1,2,2,3,2,3,3,4,0] },
{ "rows": 5, "columns": 5, "pairs": [[1,3,0,0]], "colorIds": [1], "forbiddenCells": [0,1,1,2,1,4,2,0,2,2,3,3,4,1] },
{ "rows": 4, "columns": 5, "pairs": [[1,4,3,4]], "colorIds": [4], "forbiddenCells": [0,4,1,1,1,2,2,1,2,2,2,3,2,4] },
{ "rows": 5, "columns": 5, "pairs": [[4,2,0,4]], "colorIds": [3], "forbiddenCells": [0,3,1,1,2,2,2,3,3,0,3,2,3,3,4,0,4,4] },
{ "rows": 5, "columns": 6, "pairs": [[1,2,4,5]], "colorIds": [5], "forbiddenCells": [0,4,1,1,1,3,2,1,2,2,2,4,3,3,4,1] },
{ "rows": 7, "columns": 7, "pairs": [[1,0,6,6]], "colorIds": [4], "forbiddenCells": [0,4,1,1,1,3,1,4,2,1,2,5,3,0,3,1,3,3,4,4,5,2,5,3,5,6,6,2] },
{ "rows": 6, "columns": 7, "pairs": [[5,2,0,6]], "colorIds": [3], "forbiddenCells": [0,1,0,4,1,2,1,6,2,0,2,4,3,2,3,3,4,1,4,2,4,3,4,4,5,4] },
{ "rows": 7, "columns": 8, "pairs": [[0,0,6,7]], "colorIds": [5], "forbiddenCells": [0,1,1,2,2,0,2,3,3,1,3,3,3,4,3,6,4,1,4,5,5,1,5,2,5,3,5,5,5,6,6,3] },
{ "rows": 5, "columns": 6, "pairs": [[2,2,0,5]], "colorIds": [4], "forbiddenCells": [0,3,0,4,1,2,2,3,2,5,3,1,3,2,3,5,4,4] },
{ "rows": 6, "columns": 6, "pairs": [[0,5,5,1]], "colorIds": [4], "forbiddenCells": [0,0,1,2,1,3,1,4,1,5,2,1,3,3,4,0,4,1,4,3,5,3] },
{ "rows": 6, "columns": 6, "pairs": [[5,5,3,0]], "colorIds": [1], "forbiddenCells": [0,0,0,5,1,0,1,2,1,3,2,2,2,3,2,4,3,1,4,1,4,2,5,3,5,4] },
{ "rows": 8, "columns": 8, "pairs": [[0,7,7,0]], "colorIds": [1], "forbiddenCells": [0,6,1,5,2,5,2,7,3,4,4,3,4,6,5,0,5,1,5,5,5,6,6,0,6,3,6,4,7,2,7,3] },
{ "rows": 6, "columns": 6, "pairs": [[2,5,5,2]], "colorIds": [1], "forbiddenCells": [0,5,1,1,1,3,1,4,2,1,3,2,3,5,4,0,4,2,5,3,5,5] },
{ "rows": 7, "columns": 7, "pairs": [[1,0,6,5]], "colorIds": [3], "forbiddenCells": [0,0,0,5,1,2,1,3,1,6,2,0,2,3,2,4,2,6,3,2,3,3,3,4,4,5,5,1,5,4,6,2,6,3,6,4,6,6] },
{ "rows": 7, "columns": 7, "pairs": [[0,2,6,6]], "colorIds": [1], "forbiddenCells": [0,3,1,1,1,2,2,2,2,3,3,0,4,2,4,3,4,4,4,6,5,2,5,6,6,2,6,4] },
{ "rows": 7, "columns": 8, "pairs": [[6,7,0,1]], "colorIds": [2], "forbiddenCells": [0,2,1,1,1,3,2,1,2,2,3,3,3,5,4,1,4,3,4,4,4,5,4,7,5,0,5,4,5,5,5,6,6,2] },
{ "rows": 5, "columns": 6, "pairs": [[1,0,0,5]], "colorIds": [1], "forbiddenCells": [0,0,0,1,0,2,0,3,1,1,1,2,1,3,1,5,2,2,2,3,3,0,3,3,3,4,4,1] },
{ "rows": 6, "columns": 7, "pairs": [[5,2,1,6]], "colorIds": [1], "forbiddenCells": [0,3,0,6,1,1,2,2,2,3,2,4,3,0,3,3,4,0,4,1,4,4,5,4] },
{ "rows": 6, "columns": 7, "pairs": [[0,6,3,1]], "colorIds": [5], "forbiddenCells": [0,3,1,0,1,5,2,1,2,3,2,5,3,2,3,5,4,1,4,2,4,4,4,5,5,4] },
{ "rows": 5, "columns": 6, "pairs": [[0,0,3,1]], "colorIds": [3], "forbiddenCells": [0,5,1,0,1,2,1,3,2,1,2,3,2,4,3,2,3,3,4,5] },
{ "rows": 6, "columns": 7, "pairs": [[3,6,5,1]], "colorIds": [2], "forbiddenCells": [0,0,0,5,1,0,1,2,1,3,2,0,2,2,2,4,2,6,3,2,3,3,4,1,4,3,4,4,5,2,5,6] },
{ "rows": 6, "columns": 6, "pairs": [[4,4,5,0]], "colorIds": [1], "forbiddenCells": [0,1,1,2,1,4,2,2,2,4,3,1,3,4,4,0,4,3,5,2,5,3] },
{ "rows": 5, "columns": 6, "pairs": [[4,0,0,3]], "colorIds": [3], "forbiddenCells": [0,2,0,5,1,2,1,3,2,3,2,4,3,1,3,3,3,4,4,1] },
{ "rows": 6, "columns": 6, "pairs": [[0,3,4,0]], "colorIds": [5], "forbiddenCells": [0,4,1,3,2,0,2,1,2,5,3,1,3,2,3,3,4,3,4,4,5,1] },
{ "rows": 6, "columns": 6, "pairs": [[2,5,5,3]], "colorIds": [4], "forbiddenCells": [0,0,0,4,1,2,2,1,2,3,2,4,3,2,3,4,3,5,4,0,4,2,4,3,4,4,4,5,5,0] },
{ "rows": 8, "columns": 8, "pairs": [[7,7,0,1]], "colorIds": [3], "forbiddenCells": [0,0,0,6,1,3,1,4,1,5,2,1,2,2,2,3,3,1,3,3,3,5,4,4,5,2,5,7,6,3,6,5,6,6,7,3] },
{ "rows": 6, "columns": 7, "pairs": [[1,4,5,6]], "colorIds": [3], "forbiddenCells": [0,0,0,4,1,2,2,1,2,2,2,3,3,3,3,4,4,1,4,4,4,5,4,6,5,2] },
{ "rows": 6, "columns": 6, "pairs": [[0,2,1,5]], "colorIds": [1], "forbiddenCells": [0,5,1,1,1,2,1,3,1,4,2,1,2,2,2,4,3,2,3,3,4,1,4,5,5,3] },
{ "rows": 7, "columns": 8, "pairs": [[3,7,6,0]], "colorIds": [3], "forbiddenCells": [0,4,1,0,1,2,1,5,1,6,1,7,2,3,3,1,3,4,3,6,4,2,4,3,4,4,4,5,5,1,5,2,5,7,6,1,6,6] },
{ "rows": 6, "columns": 6, "pairs": [[3,0,1,2]], "colorIds": [5], "forbiddenCells": [1,1,1,3,1,5,2,0,2,2,2,3,2,5,3,3,4,0,4,1,4,4,5,2] },
{ "rows": 7, "columns": 8, "pairs": [[6,7,3,0]], "colorIds": [2], "forbiddenCells": [0,3,1,1,1,3,2,1,2,3,3,1,3,5,3,7,4,2,4,3,4,6,5,1,5,4,6,1,6,3,6,6] },
{ "rows": 7, "columns": 8, "pairs": [[6,5,1,0]], "colorIds": [3], "forbiddenCells": [0,1,0,5,0,6,1,3,1,7,2,2,2,3,2,5,3,2,3,4,3,6,4,3,4,5,5,3,5,7,6,4,6,6] },
{ "rows": 7, "columns": 8, "pairs": [[6,2,1,7]], "colorIds": [2], "forbiddenCells": [0,2,0,3,0,7,1,2,1,5,2,0,2,4,2,5,2,6,2,7,3,2,3,3,4,1,4,2,5,2,5,3,6,0] },
{ "rows": 7, "columns": 7, "pairs": [[4,6,6,0]], "colorIds": [3], "forbiddenCells": [0,5,0,6,1,0,1,2,1,3,1,6,2,2,2,4,3,1,3,4,3,5,4,2,4,3,4,5,5,3,5,6,6,1,6,2,6,4,6,6] },
{ "rows": 8, "columns": 9, "pairs": [[0,7,7,0]], "colorIds": [5], "forbiddenCells": [0,4,0,8,1,5,1,6,2,2,2,3,2,4,2,5,2,7,3,0,3,3,3,6,4,1,4,5,4,6,4,7,5,2,5,5,5,7,6,2,6,3,7,5,7,6] },
{ "rows": 6, "columns": 7, "pairs": [[0,1,1,5]], "colorIds": [4], "forbiddenCells": [0,0,0,2,0,4,1,2,1,4,2,1,2,4,2,5,3,2,3,3,3,5,4,0,4,3,4,4,5,1,5,6] },
{ "rows": 6, "columns": 6, "pairs": [[3,2,5,3]], "colorIds": [4], "forbiddenCells": [0,3,1,1,1,5,2,2,2,3,3,0,3,3,3,4,4,1,4,3,4,4,5,2] },
{ "rows": 8, "columns": 9, "pairs": [[2,8,7,0]], "colorIds": [2], "forbiddenCells": [0,1,0,7,1,3,1,5,1,6,1,8,2,1,2,2,3,1,3,4,3,5,3,7,3,8,4,2,4,3,5,1,5,2,5,8,6,3,7,4] },
{ "rows": 7, "columns": 7, "pairs": [[3,0,6,5]], "colorIds": [2], "forbiddenCells": [0,1,1,3,1,4,1,6,2,0,2,2,2,3,3,2,3,4,3,5,4,2,4,3,5,1,5,3,5,5,5,6,6,3] },
{ "rows": 8, "columns": 9, "pairs": [[0,7,7,0]], "colorIds": [4], "forbiddenCells": [0,6,1,0,1,2,1,5,1,6,1,7,2,1,3,1,3,3,3,6,3,8,4,1,4,2,4,3,4,6,4,8,5,1,5,2,5,4,5,5,6,1,6,5,6,7,6,8,7,3] },
{ "rows": 7, "columns": 7, "pairs": [[5,6,0,5]], "colorIds": [3], "forbiddenCells": [0,4,0,6,1,3,1,6,2,2,2,5,3,4,3,6,4,1,4,2,4,5,4,6,5,3,5,4,6,1,6,6] },
{ "rows": 9, "columns": 9, "pairs": [[2,8,8,0]], "colorIds": [2], "forbiddenCells": [0,8,1,0,1,3,1,4,1,6,2,1,2,3,2,4,2,5,2,7,3,5,3,6,3,8,4,1,4,4,4,6,5,2,5,3,6,1,6,4,7,1,8,2] },
{ "rows": 7, "columns": 7, "pairs": [[1,5,6,6]], "colorIds": [3], "forbiddenCells": [0,0,0,5,1,2,1,3,2,1,2,3,2,4,2,6,3,5,4,0,4,2,4,3,4,5,5,0,5,2,5,4,6,0] },
{ "rows": 8, "columns": 9, "pairs": [[6,8,0,2]], "colorIds": [1], "forbiddenCells": [0,3,0,6,1,1,1,2,1,7,2,2,2,3,2,5,2,7,3,0,3,2,3,6,3,7,4,0,4,3,4,4,4,6,5,1,5,3,5,6,6,1,6,4,6,5,6,6,7,2,7,8] },
{ "rows": 9, "columns": 9, "pairs": [[0,0,8,5]], "colorIds": [2], "forbiddenCells": [0,8,1,0,1,1,1,2,1,3,1,6,2,2,2,4,2,5,2,7,3,1,3,3,4,2,4,5,4,7,5,6,6,4,6,5,6,8,7,3,7,6,8,3,8,8] },
{ "rows": 7, "columns": 8, "pairs": [[4,5,6,0]], "colorIds": [5], "forbiddenCells": [0,4,1,1,1,3,1,6,2,0,2,1,2,5,2,6,3,3,3,4,3,5,4,0,4,2,4,4,4,7,5,0,5,3,5,5,6,2] },
{ "rows": 7, "columns": 7, "pairs": [[1,0,0,6]], "colorIds": [2], "forbiddenCells": [0,2,0,4,1,1,1,3,1,4,1,6,2,2,2,4,2,6,3,0,3,2,3,4,4,0,4,5,5,3,5,5,6,3] },
{ "rows": 7, "columns": 7, "pairs": [[5,0,0,6]], "colorIds": [1], "forbiddenCells": [0,1,0,2,1,4,2,1,2,2,2,3,2,4,2,5,3,5,3,6,4,0,4,2,4,4,5,1,5,5,6,3] },
{ "rows": 7, "columns": 7, "pairs": [[1,2,4,0]], "colorIds": [4], "forbiddenCells": [0,6,1,3,1,4,2,1,2,2,2,4,2,5,3,0,3,1,3,5,4,4,5,2,5,5,6,3] },
{ "rows": 6, "columns": 6, "pairs": [[2,2,3,0]], "colorIds": [3], "forbiddenCells": [0,4,1,2,2,0,2,3,2,4,3,1,3,2,4,1,4,2,4,4,5,4] },
{ "rows": 6, "columns": 7, "pairs": [[1,0,2,6]], "colorIds": [5], "forbiddenCells": [0,4,1,1,1,3,2,0,2,3,2,4,3,2,3,6,4,1,4,4,5,3] },
{ "rows": 8, "columns": 8, "pairs": [[7,7,5,0]], "colorIds": [1], "forbiddenCells": [0,2,0,6,1,2,1,4,1,6,2,2,2,4,3,2,3,4,3,6,4,0,4,4,4,7,5,2,5,3,5,5,5,7,6,2,6,5,7,2,7,5,7,6] },
{ "rows": 6, "columns": 7, "pairs": [[3,6,1,5]], "colorIds": [4], "forbiddenCells": [0,0,0,4,1,2,1,6,2,1,2,2,2,3,2,4,2,5,2,6,3,1,3,4,3,5,4,3,5,1,5,5] },
{ "rows": 6, "columns": 7, "pairs": [[0,0,2,1]], "colorIds": [5], "forbiddenCells": [1,1,1,3,1,4,1,5,2,0,2,2,2,3,3,4,3,5,4,2,4,4,4,5,5,2] },
{ "rows": 8, "columns": 9, "pairs": [[5,8,7,0]], "colorIds": [1], "forbiddenCells": [0,8,1,0,1,3,1,4,1,5,1,6,1,8,2,1,2,4,2,6,2,8,3,0,3,3,3,6,4,0,4,2,4,3,4,6,4,7,5,2,5,4,5,7,6,1,6,5,6,8,7,1,7,3] },
{ "rows": 6, "columns": 7, "pairs": [[1,1,0,2]], "colorIds": [5], "forbiddenCells": [0,1,0,4,1,2,1,4,1,5,2,0,2,2,2,5,3,3,4,1,4,2,4,4,4,5] },
{ "rows": 7, "columns": 7, "pairs": [[5,4,2,5]], "colorIds": [1], "forbiddenCells": [0,1,0,2,0,3,1,1,1,5,2,0,2,3,2,4,3,2,3,4,3,5,4,1,4,2,4,4,4,5,5,3,5,6,6,1] },
{ "rows": 9, "columns": 9, "pairs": [[0,6,8,0]], "colorIds": [2], "forbiddenCells": [0,5,0,8,1,5,1,6,1,8,2,2,2,3,2,6,3,1,3,4,3,7,4,1,4,5,4,6,4,7,5,0,5,3,6,0,6,2,6,3,6,6,7,0,7,4,7,5,7,6,8,2,8,5] },
{ "rows": 8, "columns": 8, "pairs": [[7,6,0,0]], "colorIds": [5], "forbiddenCells": [0,1,1,1,1,2,1,4,1,6,2,4,2,5,2,6,3,1,3,3,3,4,4,2,4,6,5,3,5,4,5,6,5,7,6,4,7,5] },
{ "rows": 7, "columns": 8, "pairs": [[4,7,6,4]], "colorIds": [2], "forbiddenCells": [0,0,0,4,1,0,1,2,1,4,1,5,2,2,2,5,3,1,3,2,3,3,3,7,4,2,4,5,5,1,5,3,5,4,5,5,6,5] },
{ "rows": 8, "columns": 9, "pairs": [[3,0,4,8]], "colorIds": [1], "forbiddenCells": [0,3,0,6,1,1,1,3,1,6,2,1,2,5,3,1,3,2,3,4,3,5,3,6,4,0,4,1,4,2,4,5,5,1,5,2,5,4,5,5,5,7,6,5,6,7,7,3,7,7] },
{ "rows": 7, "columns": 8, "pairs": [[0,0,6,3]], "colorIds": [1], "forbiddenCells": [0,1,0,5,1,3,1,4,1,5,2,1,2,4,3,0,3,2,3,6,4,0,4,2,4,3,4,4,4,5,4,6,5,2,5,6,6,1,6,2,6,4] },
{ "rows": 8, "columns": 8, "pairs": [[1,6,0,0]], "colorIds": [3], "forbiddenCells": [0,2,1,0,1,2,1,7,2,2,3,0,3,2,3,3,3,4,3,5,3,6,4,2,4,3,4,5,5,0,5,2,5,3,5,4,5,7,6,2,6,3,6,4,6,6,7,0,7,6] },
{ "rows": 8, "columns": 8, "pairs": [[4,7,3,0]], "colorIds": [2], "forbiddenCells": [0,0,1,1,1,3,1,5,2,0,2,3,2,6,3,2,3,3,3,4,3,6,3,7,4,3,4,6,5,1,5,2,5,3,5,5,6,2,6,5,6,7,7,1] },
{ "rows": 7, "columns": 7, "pairs": [[5,6,1,0]], "colorIds": [5], "forbiddenCells": [0,0,0,3,1,5,2,1,2,3,2,4,2,5,3,0,3,2,4,1,4,4,4,5,4,6,5,1,5,3,6,5] },
{ "rows": 6, "columns": 7, "pairs": [[1,1,0,2]], "colorIds": [4], "forbiddenCells": [0,1,0,5,1,0,1,2,1,3,1,6,2,2,2,4,3,1,3,5,4,3,4,5,5,0,5,2,5,3] },
{ "rows": 10, "columns": 10, "pairs": [[9,7,2,1]], "colorIds": [1], "forbiddenCells": [0,3,0,4,1,1,1,4,2,2,2,5,2,8,3,1,3,2,3,3,3,7,3,8,4,2,4,4,4,5,4,9,5,6,5,7,6,8,7,6,7,7,7,8,8,6,9,5,9,8] },
{ "rows": 7, "columns": 8, "pairs": [[1,5,2,7]], "colorIds": [3], "forbiddenCells": [0,5,0,7,1,1,1,2,1,3,1,6,2,4,2,5,2,6,3,2,3,6,4,3,4,4,4,6,5,4,5,6,6,3,6,4] },
{ "rows": 8, "columns": 8, "pairs": [[7,4,6,0]], "colorIds": [5], "forbiddenCells": [0,2,1,1,1,4,1,5,1,6,2,0,2,3,2,4,2,5,3,1,3,3,3,5,3,7,4,0,4,3,5,2,5,4,5,6,6,1,6,2,6,3,6,6,7,1,7,5] },
{ "rows": 8, "columns": 8, "pairs": [[4,0,7,6]], "colorIds": [5], "forbiddenCells": [0,2,1,1,1,3,1,4,1,6,2,0,2,6,3,2,3,3,3,4,3,5,4,1,4,2,4,3,4,4,4,5,4,7,5,2,5,7,6,2,6,5,6,6,6,7,7,2,7,3] },
{ "rows": 8, "columns": 9, "pairs": [[5,0,0,6]], "colorIds": [1], "forbiddenCells": [0,4,0,5,0,7,1,8,2,2,2,3,2,5,2,6,2,7,2,8,3,0,3,3,3,8,4,1,4,2,4,3,4,4,4,6,5,4,5,5,5,6,5,7,6,0,6,2,6,6,7,2,7,3,7,4,7,8] },
{ "rows": 9, "columns": 9, "pairs": [[8,5,1,8]], "colorIds": [2], "forbiddenCells": [0,3,0,4,0,8,1,1,1,6,2,2,2,3,2,6,3,0,3,2,3,3,3,5,3,6,3,7,4,0,4,4,4,5,4,8,5,1,5,2,5,6,6,4,6,6,7,3,7,4,8,2,8,6] },
{ "rows": 9, "columns": 9, "pairs": [[6,8,0,6]], "colorIds": [1], "forbiddenCells": [0,2,0,8,1,1,1,2,1,3,1,4,1,5,1,7,2,1,2,3,2,5,3,0,3,2,3,4,3,8,4,0,4,2,4,6,4,7,5,1,5,4,5,6,5,8,6,3,6,5,6,6,7,1,7,2,7,4,7,8,8,6] },
{ "rows": 9, "columns": 9, "pairs": [[0,2,4,6]], "colorIds": [1], "forbiddenCells": [0,5,1,0,1,1,1,4,2,1,2,3,3,4,3,8,4,1,4,2,4,3,4,4,4,5,4,7,5,2,5,5,6,0,6,2,6,3,6,5,6,6,6,7,7,3,7,4,7,5,7,6,8,1,8,8] },
{ "rows": 8, "columns": 9, "pairs": [[3,1,3,7]], "colorIds": [3], "forbiddenCells": [0,8,1,6,2,1,2,2,2,3,2,4,2,6,2,7,3,0,3,2,3,4,3,6,4,0,4,2,4,3,4,4,4,6,4,7,4,8,5,2,5,3,6,1,6,5,7,3,7,6] },
{ "rows": 8, "columns": 9, "pairs": [[0,0,6,7]], "colorIds": [3], "forbiddenCells": [0,2,1,0,1,2,1,8,2,0,2,2,2,5,2,7,3,2,3,4,4,1,4,3,4,6,4,7,5,3,5,5,5,6,6,1,6,2,6,6,6,8,7,4,7,6] },
{ "rows": 8, "columns": 8, "pairs": [[4,7,2,0]], "colorIds": [2], "forbiddenCells": [0,1,0,3,1,1,1,5,2,1,2,2,2,4,2,5,2,7,3,1,3,4,3,5,4,1,4,3,4,6,5,1,5,4,5,7,6,1,6,2] },
{ "rows": 9, "columns": 10, "pairs": [[6,9,0,0]], "colorIds": [2], "forbiddenCells": [0,1,1,1,1,2,2,1,2,4,2,6,2,7,3,2,3,3,3,4,3,5,3,6,4,0,4,4,4,8,4,9,5,0,5,1,5,2,5,4,5,6,6,2,6,4,6,7,6,8,7,5,7,8,8,3,8,9] },
{ "rows": 9, "columns": 10, "pairs": [[1,4,5,0]], "colorIds": [2], "forbiddenCells": [0,4,0,8,1,0,1,1,1,3,1,6,2,2,2,4,2,6,2,7,2,8,3,2,3,5,3,8,4,1,4,4,4,8,5,4,5,6,6,2,6,5,6,8,6,9,7,2,7,3,7,5,7,7,7,8,8,2,8,7] },
{ "rows": 10, "columns": 10, "pairs": [[9,0,0,5]], "colorIds": [5], "forbiddenCells": [0,2,0,3,0,9,1,4,1,5,1,7,2,3,2,6,2,8,3,1,3,4,3,6,4,5,4,6,4,9,5,0,5,1,5,7,6,2,6,3,6,5,6,6,6,8,7,2,7,4,7,7,8,3,8,9,9,1,9,5,9,7] },
{ "rows": 9, "columns": 10, "pairs": [[5,0,0,3]], "colorIds": [1], "forbiddenCells": [0,4,0,6,1,0,2,1,2,2,2,4,2,5,2,6,2,7,2,9,3,1,3,3,3,7,3,9,4,2,5,2,5,5,5,6,5,8,6,2,6,3,6,4,6,7,6,8,7,1,7,3,7,4,8,6,8,8] },
{ "rows": 8, "columns": 9, "pairs": [[0,1,5,0]], "colorIds": [5], "forbiddenCells": [0,0,0,3,0,4,1,1,1,5,2,2,2,3,2,6,3,0,3,3,3,4,3,6,3,7,4,0,4,4,5,2,5,4,5,7,6,1,6,2,6,4,6,5,6,6,7,2,7,8] },
{ "rows": 9, "columns": 9, "pairs": [[5,4,8,0]], "colorIds": [4], "forbiddenCells": [0,5,1,4,1,7,2,3,2,6,2,7,3,2,3,5,3,7,4,1,4,4,4,5,4,6,5,3,5,5,5,6,5,8,6,0,6,2,6,3,7,4,7,5,8,1,8,4] },
{ "rows": 7, "columns": 8, "pairs": [[6,2,2,7]], "colorIds": [2], "forbiddenCells": [0,3,1,1,1,6,1,7,2,1,2,2,2,3,2,5,3,3,3,5,3,7,4,0,4,1,4,3,4,5,5,3,5,6,6,1,6,3,6,4] },
{ "rows": 9, "columns": 10, "pairs": [[3,8,5,4]], "colorIds": [3], "forbiddenCells": [0,4,1,3,1,4,1,6,1,7,1,8,2,6,2,7,2,8,3,0,3,2,3,3,3,4,3,5,3,7,4,2,4,5,4,8,5,0,5,2,5,5,5,9,6,2,6,4,6,6,7,1,7,2,7,6] },
{ "rows": 9, "columns": 9, "pairs": [[8,8,3,8]], "colorIds": [1], "forbiddenCells": [0,4,1,3,1,4,1,5,1,7,2,0,2,7,3,2,3,3,3,4,3,7,4,0,4,4,4,6,4,8,5,3,6,1,6,2,6,3,6,4,6,5,6,6,6,7,7,2,7,3,7,4,7,8,8,0,8,6] },
{ "rows": 8, "columns": 9, "pairs": [[2,4,0,3]], "colorIds": [2], "forbiddenCells": [0,2,0,5,1,4,1,5,2,1,2,2,2,3,2,5,3,3,3,6,4,0,4,1,4,3,4,4,5,4,5,5,5,6,5,7,6,2,6,3,6,5,7,0,7,7] },
{ "rows": 8, "columns": 8, "pairs": [[3,5,7,0]], "colorIds": [1], "forbiddenCells": [0,4,1,2,1,6,2,0,2,3,2,4,2,5,3,1,3,3,3,6,4,1,4,3,4,5,5,1,5,3,5,7,6,1,6,3,6,5,7,3,7,5] },
{ "rows": 9, "columns": 9, "pairs": [[8,7,1,0]], "colorIds": [1], "forbiddenCells": [0,0,1,2,1,3,1,4,1,5,1,6,2,0,2,1,2,6,2,8,3,2,3,4,4,5,4,6,4,7,4,8,5,3,5,5,6,2,6,3,6,7,7,4,7,6,8,5,8,6,8,8] },
{ "rows": 9, "columns": 9, "pairs": [[4,6,0,0]], "colorIds": [1], "forbiddenCells": [0,1,0,6,1,1,1,2,1,3,1,7,2,1,2,3,2,5,3,1,3,3,3,6,3,7,4,1,4,2,4,5,5,1,5,2,5,3,5,5,5,6,6,3,6,7,6,8,7,1,7,3,7,4,7,6,7,7,8,1] },
{ "rows": 9, "columns": 10, "pairs": [[2,5,8,7]], "colorIds": [5], "forbiddenCells": [0,4,0,7,1,1,1,2,1,7,2,2,2,3,2,4,2,6,2,7,3,0,3,5,4,1,4,3,4,7,4,8,5,2,5,3,5,5,5,6,6,3,6,4,6,8,7,3,7,5,7,7,8,1,8,4,8,8] },
{ "rows": 8, "columns": 8, "pairs": [[6,3,7,5]], "colorIds": [1], "forbiddenCells": [1,0,1,2,1,3,1,4,1,5,1,6,2,3,3,1,3,3,3,5,3,6,4,0,4,3,4,5,4,7,5,2,5,3,5,6,6,1,6,2,6,4,6,6,7,4] },
{ "rows": 10, "columns": 10, "pairs": [[0,6,2,3]], "colorIds": [4], "forbiddenCells": [0,5,0,7,1,4,1,9,2,0,2,5,2,6,2,7,3,2,3,4,3,7,3,8,4,0,4,1,4,2,4,4,4,6,5,1,5,4,5,6,5,8,6,3,6,4,6,8,7,1,7,3,7,6,7,7,8,1,8,2,8,5,9,4,9,6] },
{ "rows": 9, "columns": 10, "pairs": [[6,6,0,7]], "colorIds": [2], "forbiddenCells": [0,4,0,5,0,6,1,6,1,8,2,3,2,5,2,9,3,0,3,4,3,5,3,6,3,7,4,2,4,8,5,1,5,5,5,6,6,2,6,3,6,4,6,7,7,0,7,2,7,6,7,7,8,0,8,4,8,6] },
{ "rows": 9, "columns": 10, "pairs": [[4,1,3,9]], "colorIds": [5], "forbiddenCells": [0,5,0,9,1,3,1,4,1,7,2,6,2,7,2,9,3,0,3,1,3,4,3,5,3,6,3,7,4,0,4,2,4,7,4,8,5,0,5,3,5,4,5,5,5,8,6,2,6,4,6,5,6,8,6,9,7,1,7,7,8,3,8,4] },
{ "rows": 9, "columns": 9, "pairs": [[4,5,0,4]], "colorIds": [2], "forbiddenCells": [0,3,0,5,0,6,0,7,1,3,2,2,2,5,2,6,3,1,3,2,3,3,3,4,3,6,3,8,4,2,4,6,5,4,5,5,5,7,6,1,6,2,6,3,6,7,7,1,7,3,7,5,7,7,8,5] },
{ "rows": 10, "columns": 10, "pairs": [[5,1,9,4]], "colorIds": [5], "forbiddenCells": [0,2,0,6,0,8,1,0,1,1,1,4,2,0,2,3,2,5,2,6,2,7,3,2,3,3,3,4,3,9,4,1,4,4,4,8,5,3,5,5,5,6,6,0,6,1,6,2,6,6,6,8,7,3,7,6,7,7,8,0,8,4,8,8,9,6] },
{ "rows": 9, "columns": 10, "pairs": [[3,3,5,5]], "colorIds": [4], "forbiddenCells": [0,6,1,5,1,6,1,8,2,4,2,5,2,8,3,1,3,5,3,7,4,0,4,1,4,3,4,4,4,7,4,9,5,3,5,6,5,7,5,9,6,1,6,2,6,4,6,5,7,5,7,7,8,2,8,3,8,7] },
{ "rows": 9, "columns": 10, "pairs": [[0,0,6,2]], "colorIds": [2], "forbiddenCells": [0,1,0,5,1,1,1,3,1,6,1,7,2,3,2,4,2,8,3,0,3,2,3,6,4,1,4,2,4,5,4,7,4,9,5,1,5,3,5,4,5,7,6,4,6,6,6,8,7,1,7,2,7,3,7,4,7,5,7,7,8,9] },
{ "rows": 10, "columns": 10, "pairs": [[5,8,6,9]], "colorIds": [5], "forbiddenCells": [0,5,0,8,1,1,1,3,1,6,2,2,2,3,2,4,2,7,3,1,3,2,3,3,3,5,4,1,4,3,4,4,4,7,4,8,5,4,5,5,5,9,6,2,6,6,6,8,7,3,7,4,7,7,7,8,8,5,8,7,9,5,9,9] },
{ "rows": 10, "columns": 10, "pairs": [[0,8,6,8]], "colorIds": [4], "forbiddenCells": [0,2,0,6,1,3,1,8,2,3,2,6,2,7,2,8,3,3,3,4,3,9,4,2,4,9,5,1,5,4,5,5,5,8,6,0,6,3,6,4,6,5,6,6,6,7,7,2,7,6,7,8,8,1,8,4,8,7,9,3,9,5,9,9] },
{ "rows": 9, "columns": 10, "pairs": [[0,8,7,5]], "colorIds": [4], "forbiddenCells": [0,7,1,0,1,4,1,5,1,6,2,1,2,3,2,8,2,9,3,1,3,5,3,6,3,8,4,3,4,4,4,5,4,7,4,8,5,0,5,2,5,8,5,9,6,2,6,4,6,5,6,6,7,1,7,2,7,4,7,7,7,8,8,5] },
{ "rows": 10, "columns": 10, "pairs": [[7,1,0,1]], "colorIds": [5], "forbiddenCells": [0,5,0,6,1,1,1,3,1,4,1,5,1,8,2,1,2,2,2,4,2,7,2,8,3,2,3,3,3,6,3,7,3,8,4,0,4,5,4,6,4,7,4,8,5,1,5,4,5,5,5,8,6,0,6,1,6,2,6,4,6,5,6,8,7,3,7,4,8,0,8,1,8,4,8,5,8,7,9,2,9,7] },
{ "rows": 10, "columns": 10, "pairs": [[1,5,0,0]], "colorIds": [1], "forbiddenCells": [0,1,0,4,0,6,1,3,1,4,1,8,2,1,2,4,2,5,2,7,3,1,3,2,3,6,3,9,4,0,4,3,4,4,4,6,4,8,5,1,5,2,5,6,5,8,6,5,6,6,7,3,7,7,7,8,8,2,8,5,8,7,8,8,9,3,9,5] },
{ "rows": 10, "columns": 10, "pairs": [[0,2,4,7]], "colorIds": [1], "forbiddenCells": [0,0,0,6,1,2,1,3,1,5,1,9,2,1,2,2,2,3,2,4,2,7,3,1,3,3,3,5,3,7,3,8,4,2,4,5,4,8,5,0,5,2,5,6,5,8,6,0,6,3,6,4,6,6,6,8,7,2,7,3,7,7,7,8,8,1,8,5,8,6,8,7,8,8,9,3] },
{ "rows": 10, "columns": 10, "pairs": [[6,4,2,2]], "colorIds": [2], "forbiddenCells": [0,3,0,8,1,4,1,6,1,8,2,3,2,6,3,0,3,2,3,3,3,5,3,6,3,8,4,3,4,5,4,7,5,0,5,1,5,3,5,5,5,9,6,1,6,3,6,5,6,6,6,8,7,3,7,4,8,1,8,2,8,6,9,4,9,5] },
{ "rows": 9, "columns": 10, "pairs": [[3,7,6,8]], "colorIds": [5], "forbiddenCells": [0,3,0,8,1,1,1,5,1,6,2,2,2,3,2,5,2,6,2,7,2,8,3,0,3,3,3,4,3,8,4,1,4,3,4,6,4,7,4,8,5,4,5,8,6,2,6,4,6,5,6,7,7,2,7,5,7,8,8,3,8,7] },
{ "rows": 10, "columns": 10, "pairs": [[0,6,4,2]], "colorIds": [5], "forbiddenCells": [0,4,0,5,0,7,1,0,1,2,1,5,1,7,2,2,2,3,2,5,2,8,3,1,3,2,3,3,3,5,3,6,4,1,4,5,4,7,4,9,5,2,5,4,5,5,5,7,5,9,6,0,6,2,6,4,6,5,6,6,7,2,7,3,7,4,7,7,7,8,8,1,8,7,9,3,9,4,9,5,9,9] }
]
